# I(Q)
#Q (1/A)        I (1/cm)        dI (1/cm)       dQ (1/A)
2.085782E-03	-4.121860E-02	6.895470E+00	6.831129E-04
2.153646E-03	4.738805E+00	1.715915E+00	6.914080E-04
2.223718E-03	3.136266E+00	1.344972E+00	7.024151E-04
2.296069E-03	3.497152E+00	1.008786E+00	7.129007E-04
2.370775E-03	4.124535E+00	8.269031E-01	7.207213E-04
2.447911E-03	4.002299E+00	8.621011E-01	7.260297E-04
2.527557E-03	3.714841E+00	6.517312E-01	7.321372E-04
2.609795E-03	2.756615E+00	6.003587E-01	7.338626E-04
2.694708E-03	3.361818E+00	5.669398E-01	7.336419E-04
2.782384E-03	3.538128E+00	4.791394E-01	7.359008E-04
2.872912E-03	2.749415E+00	4.469886E-01	7.348290E-04
2.966386E-03	2.947129E+00	3.925552E-01	7.425876E-04
3.062902E-03	2.651339E+00	4.194528E-01	7.364229E-04
3.162557E-03	2.588475E+00	3.843799E-01	7.376699E-04
3.265455E-03	2.531672E+00	3.584887E-01	7.382214E-04
3.371701E-03	2.218468E+00	3.325091E-01	7.356426E-04
3.481404E-03	2.392087E+00	2.884632E-01	7.352260E-04
3.594676E-03	2.464904E+00	2.781843E-01	7.371972E-04
3.711633E-03	2.152265E+00	2.725913E-01	7.380209E-04
3.832396E-03	2.306561E+00	2.454173E-01	7.394845E-04
3.957088E-03	1.801259E+00	2.376463E-01	7.402172E-04
4.085838E-03	1.919859E+00	2.111650E-01	7.405624E-04
4.218776E-03	1.754202E+00	2.079084E-01	7.403430E-04
4.356039E-03	1.707547E+00	1.982137E-01	7.403880E-04
4.497769E-03	1.802710E+00	1.874521E-01	7.421061E-04
4.644109E-03	1.648024E+00	1.803206E-01	7.402156E-04
4.795212E-03	1.360676E+00	1.682140E-01	7.443673E-04
4.951230E-03	1.369493E+00	1.699512E-01	7.414324E-04
5.112325E-03	1.301393E+00	1.615680E-01	7.435783E-04
5.278661E-03	1.242800E+00	1.547789E-01	7.421583E-04
5.450410E-03	1.320128E+00	1.524350E-01	7.425865E-04
5.627746E-03	1.208175E+00	1.464339E-01	7.428205E-04
5.810852E-03	1.128290E+00	1.450451E-01	7.423596E-04
5.999916E-03	9.432056E-01	1.346971E-01	7.429390E-04
6.195131E-03	1.029263E+00	1.364139E-01	7.424204E-04
6.396698E-03	9.481868E-01	1.285418E-01	7.423248E-04
6.604823E-03	1.020586E+00	1.237845E-01	7.429631E-04
6.819720E-03	9.346324E-01	1.231743E-01	7.422537E-04
7.041608E-03	8.322422E-01	1.146304E-01	7.428723E-04
7.270716E-03	8.424265E-01	1.139736E-01	7.427387E-04
7.507279E-03	7.892993E-01	1.097860E-01	7.426903E-04
7.751538E-03	7.606443E-01	1.043459E-01	7.428297E-04
8.003744E-03	7.927148E-01	1.050413E-01	7.422845E-04
8.264157E-03	7.833244E-01	9.952311E-02	7.427002E-04
8.533042E-03	6.957582E-01	9.768763E-02	7.426358E-04
8.810676E-03	6.662465E-01	9.352522E-02	7.428378E-04
9.097343E-03	6.410589E-01	9.195394E-02	7.424326E-04
9.393337E-03	6.368702E-01	8.791677E-02	7.426665E-04
9.698962E-03	5.926765E-01	8.547069E-02	7.428066E-04
1.001453E-02	6.115742E-01	8.305237E-02	7.425012E-04
1.034037E-02	5.752619E-01	8.005490E-02	7.428355E-04
1.067680E-02	5.543343E-01	7.769136E-02	7.428929E-04
1.102419E-02	5.576228E-01	7.516707E-02	7.428105E-04
1.138287E-02	5.340733E-01	7.232279E-02	7.426638E-04
1.175323E-02	5.536918E-01	7.022201E-02	7.428098E-04
1.213564E-02	5.037668E-01	6.751285E-02	7.425999E-04
1.253049E-02	4.623008E-01	6.488699E-02	7.429649E-04
1.293818E-02	4.439057E-01	6.432278E-02	7.429324E-04
1.335914E-02	4.595815E-01	6.195786E-02	7.426767E-04
1.379380E-02	4.006011E-01	5.997570E-02	7.428966E-04
1.424260E-02	4.365492E-01	5.839413E-02	7.428783E-04
1.470600E-02	3.779641E-01	5.647051E-02	7.427528E-04
1.518448E-02	3.855606E-01	5.497580E-02	7.428521E-04
1.567853E-02	3.675140E-01	5.276166E-02	7.429083E-04
1.618865E-02	3.889045E-01	5.113546E-02	7.430527E-04
1.671537E-02	3.455507E-01	4.955271E-02	7.429553E-04
1.725923E-02	3.422148E-01	4.806797E-02	7.433539E-04
1.782078E-02	3.324471E-01	4.624868E-02	7.434960E-04
1.840060E-02	3.206887E-01	4.518294E-02	7.434885E-04
1.899929E-02	3.184666E-01	4.374369E-02	7.432554E-04
1.961746E-02	3.047899E-01	4.269957E-02	7.430488E-04
2.025574E-02	3.112601E-01	4.126673E-02	7.430892E-04
2.091478E-02	2.842886E-01	4.014011E-02	7.433035E-04
2.159527E-02	2.684989E-01	3.863490E-02	7.438264E-04
2.229790E-02	2.730420E-01	3.772039E-02	7.439474E-04
2.302340E-02	2.549863E-01	3.655716E-02	7.436597E-04
2.377249E-02	2.531435E-01	3.555597E-02	7.433872E-04
2.454596E-02	2.345343E-01	3.430167E-02	7.431751E-04
2.534460E-02	2.448739E-01	3.355974E-02	7.431696E-04
2.616922E-02	2.342775E-01	3.217119E-02	7.437147E-04
2.702067E-02	2.158818E-01	3.126668E-02	7.453668E-04
2.789982E-02	2.145012E-01	3.019499E-02	7.476013E-04
2.880758E-02	2.055638E-01	2.966950E-02	7.504647E-04
2.974487E-02	1.973546E-01	2.973171E-02	7.528169E-04
3.071266E-02	1.958019E-01	3.017093E-02	7.542378E-04
3.171194E-02	1.958492E-01	3.061666E-02	7.557025E-04
3.274373E-02	1.789784E-01	3.160816E-02	7.571706E-04
3.380909E-02	1.728232E-01	3.297765E-02	7.589283E-04
3.490911E-02	1.709952E-01	3.441071E-02	7.615216E-04
3.604493E-02	1.551902E-01	3.601540E-02	7.645433E-04
3.721769E-02	1.580581E-01	3.849322E-02	7.676488E-04
3.842862E-02	1.542748E-01	4.167883E-02	7.709644E-04
3.967895E-02	1.526095E-01	4.509347E-02	7.763052E-04
4.096995E-02	1.513445E-01	4.904354E-02	7.836009E-04
4.230297E-02	1.557651E-01	5.610002E-02	7.916643E-04
4.367935E-02	1.472373E-01	6.756147E-02	7.995468E-04
4.510051E-02	1.278038E-01	8.819703E-02	8.070284E-04
4.656792E-02	1.636101E-01	1.258453E-01	8.151053E-04
4.808307E-02	9.570116E-02	2.245244E-01	8.231425E-04
4.964751E-02	-8.527555E-03	7.550154E-01	8.297539E-04
