# I(Q)
#Q (1/A)        I (1/cm)        dI (1/cm)       dQ (1/A)
2.085782E-03	3.637486E+00	2.840106E+00	6.831129E-04
2.153646E-03	4.751356E+00	9.136804E-01	6.914080E-04
2.223718E-03	3.892876E+00	6.469753E-01	7.024151E-04
2.296069E-03	3.683018E+00	4.740956E-01	7.129007E-04
2.370775E-03	4.033624E+00	4.104001E-01	7.207213E-04
2.447911E-03	4.149621E+00	4.032906E-01	7.260297E-04
2.527557E-03	3.391022E+00	2.994172E-01	7.321372E-04
2.609795E-03	3.137689E+00	2.821519E-01	7.338625E-04
2.694708E-03	3.575943E+00	2.743034E-01	7.336419E-04
2.782384E-03	3.130690E+00	2.221188E-01	7.359008E-04
2.872912E-03	2.848949E+00	2.069398E-01	7.348290E-04
2.966386E-03	2.820502E+00	1.805716E-01	7.425876E-04
3.062902E-03	2.772011E+00	1.925889E-01	7.364229E-04
3.162557E-03	2.503382E+00	1.716905E-01	7.376699E-04
3.265455E-03	2.637614E+00	1.625734E-01	7.382214E-04
3.371701E-03	2.263886E+00	1.485875E-01	7.356426E-04
3.481404E-03	2.528992E+00	1.316726E-01	7.352260E-04
3.594676E-03	2.425468E+00	1.258800E-01	7.371972E-04
3.711633E-03	2.218563E+00	1.217841E-01	7.380209E-04
3.832396E-03	2.186650E+00	1.085522E-01	7.394845E-04
3.957088E-03	1.970520E+00	1.047471E-01	7.402172E-04
4.085838E-03	1.986970E+00	9.347539E-02	7.405624E-04
4.218776E-03	1.791156E+00	9.080790E-02	7.403430E-04
4.356039E-03	1.740471E+00	8.618505E-02	7.403880E-04
4.497769E-03	1.753439E+00	8.204861E-02	7.421061E-04
4.644109E-03	1.620865E+00	7.804577E-02	7.402156E-04
4.795212E-03	1.476723E+00	7.313067E-02	7.443673E-04
4.951230E-03	1.390047E+00	7.266472E-02	7.414324E-04
5.112325E-03	1.256334E+00	6.888020E-02	7.435783E-04
5.278661E-03	1.238493E+00	6.599361E-02	7.421583E-04
5.450410E-03	1.214510E+00	6.477689E-02	7.425865E-04
5.627746E-03	1.169404E+00	6.197537E-02	7.428205E-04
5.810852E-03	1.097538E+00	6.132625E-02	7.423596E-04
5.999916E-03	9.810937E-01	5.668333E-02	7.429390E-04
6.195131E-03	1.063672E+00	5.769258E-02	7.424204E-04
6.396698E-03	9.793178E-01	5.417501E-02	7.423248E-04
6.604823E-03	9.737859E-01	5.192972E-02	7.429631E-04
6.819720E-03	9.110829E-01	5.153348E-02	7.422537E-04
7.041608E-03	9.080058E-01	4.814539E-02	7.428723E-04
7.270716E-03	8.336190E-01	4.773202E-02	7.427387E-04
7.507279E-03	8.185234E-01	4.594477E-02	7.426902E-04
7.751538E-03	7.670506E-01	4.362902E-02	7.428297E-04
8.003744E-03	7.796599E-01	4.401515E-02	7.422845E-04
8.264157E-03	7.513828E-01	4.159276E-02	7.427002E-04
8.533042E-03	6.757248E-01	4.066699E-02	7.426358E-04
8.810676E-03	6.740886E-01	3.899757E-02	7.428378E-04
9.097343E-03	6.318218E-01	3.832131E-02	7.424326E-04
9.393337E-03	6.423526E-01	3.658263E-02	7.426665E-04
9.698962E-03	6.216186E-01	3.556361E-02	7.428066E-04
1.001453E-02	5.865580E-01	3.459546E-02	7.425012E-04
1.034037E-02	5.785627E-01	3.323375E-02	7.428355E-04
1.067680E-02	5.435929E-01	3.225277E-02	7.428929E-04
1.102419E-02	5.192326E-01	3.117613E-02	7.428105E-04
1.138287E-02	5.174263E-01	2.998828E-02	7.426638E-04
1.175323E-02	5.216307E-01	2.912414E-02	7.428098E-04
1.213564E-02	5.002398E-01	2.799392E-02	7.425999E-04
1.253049E-02	4.679171E-01	2.690322E-02	7.429649E-04
1.293818E-02	4.562940E-01	2.664213E-02	7.429324E-04
1.335914E-02	4.498185E-01	2.566947E-02	7.426767E-04
1.379380E-02	4.137800E-01	2.481824E-02	7.428966E-04
1.424260E-02	4.117875E-01	2.415150E-02	7.428783E-04
1.470600E-02	3.936148E-01	2.335712E-02	7.427528E-04
1.518448E-02	3.870162E-01	2.271884E-02	7.428521E-04
1.567853E-02	3.625386E-01	2.181642E-02	7.429083E-04
1.618865E-02	3.687710E-01	2.113847E-02	7.430527E-04
1.671537E-02	3.570408E-01	2.048393E-02	7.429553E-04
1.725923E-02	3.384483E-01	1.986730E-02	7.433539E-04
1.782078E-02	3.401176E-01	1.912097E-02	7.434960E-04
1.840060E-02	3.211095E-01	1.867282E-02	7.434885E-04
1.899929E-02	3.212119E-01	1.807586E-02	7.432554E-04
1.961746E-02	3.037220E-01	1.763509E-02	7.430488E-04
2.025574E-02	3.058648E-01	1.703967E-02	7.430892E-04
2.091478E-02	2.892896E-01	1.657091E-02	7.433035E-04
2.159527E-02	2.752158E-01	1.594499E-02	7.438264E-04
2.229790E-02	2.664059E-01	1.556962E-02	7.439474E-04
2.302340E-02	2.505884E-01	1.508793E-02	7.436597E-04
2.377249E-02	2.486165E-01	1.467182E-02	7.433872E-04
2.454596E-02	2.342058E-01	1.414895E-02	7.431751E-04
2.534460E-02	2.379136E-01	1.384487E-02	7.431696E-04
2.616922E-02	2.299119E-01	1.327158E-02	7.437147E-04
2.702067E-02	2.167379E-01	1.289816E-02	7.453668E-04
2.789982E-02	2.108070E-01	1.245456E-02	7.476013E-04
2.880758E-02	2.093495E-01	1.224016E-02	7.504647E-04
2.974487E-02	1.992040E-01	1.226266E-02	7.528169E-04
3.071266E-02	1.953479E-01	1.244403E-02	7.542378E-04
3.171194E-02	1.877470E-01	1.262657E-02	7.557025E-04
3.274373E-02	1.788333E-01	1.303487E-02	7.571706E-04
3.380909E-02	1.770959E-01	1.359925E-02	7.589283E-04
3.490911E-02	1.749307E-01	1.419165E-02	7.615216E-04
3.604492E-02	1.668646E-01	1.485731E-02	7.645433E-04
3.721769E-02	1.548501E-01	1.587590E-02	7.676488E-04
3.842862E-02	1.558755E-01	1.719091E-02	7.709644E-04
3.967895E-02	1.477221E-01	1.859731E-02	7.763052E-04
4.096995E-02	1.460295E-01	2.022885E-02	7.836009E-04
4.230297E-02	1.435992E-01	2.315328E-02	7.916643E-04
4.367935E-02	1.391380E-01	2.787384E-02	7.995468E-04
4.510051E-02	1.290030E-01	3.642001E-02	8.070284E-04
4.656792E-02	1.785402E-01	5.213187E-02	8.151053E-04
4.808307E-02	1.266808E-01	9.264173E-02	8.231425E-04
4.964751E-02	5.737636E-02	3.110608E-01	8.297539E-04
