# I(Q)
#Q (1/A)        I (1/cm)        dI (1/cm)       dQ (1/A)
2.085782E-03	-4.121306E-02	5.171105E+00	6.831129E-04
2.153646E-03	4.288321E+00	1.320237E+00	6.914080E-04
2.223718E-03	2.924326E+00	1.036697E+00	7.024151E-04
2.296069E-03	3.204294E+00	7.617912E-01	7.129007E-04
2.370775E-03	3.986094E+00	6.411682E-01	7.207213E-04
2.447911E-03	4.053532E+00	6.641490E-01	7.260297E-04
2.527557E-03	3.444255E+00	4.989280E-01	7.321372E-04
2.609795E-03	2.796133E+00	4.662135E-01	7.338625E-04
2.694708E-03	3.594750E+00	4.396510E-01	7.336419E-04
2.782384E-03	3.220665E+00	3.646844E-01	7.359008E-04
2.872912E-03	2.655131E+00	3.401562E-01	7.348290E-04
2.966386E-03	2.886403E+00	3.014909E-01	7.425876E-04
3.062902E-03	2.652044E+00	3.202288E-01	7.364229E-04
3.162557E-03	2.728201E+00	2.953014E-01	7.376699E-04
3.265455E-03	2.675762E+00	2.738941E-01	7.382214E-04
3.371701E-03	2.189184E+00	2.525529E-01	7.356426E-04
3.481404E-03	2.385436E+00	2.209514E-01	7.352260E-04
3.594676E-03	2.421786E+00	2.122569E-01	7.371972E-04
3.711633E-03	2.137997E+00	2.077280E-01	7.380209E-04
3.832396E-03	2.232630E+00	1.862191E-01	7.394845E-04
3.957088E-03	1.907361E+00	1.807156E-01	7.402172E-04
4.085838E-03	1.928081E+00	1.603118E-01	7.405624E-04
4.218776E-03	1.743876E+00	1.575527E-01	7.403430E-04
4.356039E-03	1.756968E+00	1.502930E-01	7.403880E-04
4.497769E-03	1.759606E+00	1.420766E-01	7.421061E-04
4.644109E-03	1.624511E+00	1.362246E-01	7.402156E-04
4.795212E-03	1.401013E+00	1.277211E-01	7.443673E-04
4.951230E-03	1.372618E+00	1.282374E-01	7.414324E-04
5.112325E-03	1.281624E+00	1.221045E-01	7.435783E-04
5.278661E-03	1.263981E+00	1.169081E-01	7.421583E-04
5.450410E-03	1.267386E+00	1.148224E-01	7.425865E-04
5.627746E-03	1.198938E+00	1.104869E-01	7.428205E-04
5.810852E-03	1.090112E+00	1.091746E-01	7.423596E-04
5.999916E-03	9.213712E-01	1.013418E-01	7.429390E-04
6.195131E-03	1.072520E+00	1.026971E-01	7.424204E-04
6.396698E-03	9.473495E-01	9.690451E-02	7.423248E-04
6.604823E-03	1.004840E+00	9.315131E-02	7.429631E-04
6.819720E-03	9.237195E-01	9.270184E-02	7.422537E-04
7.041608E-03	8.363454E-01	8.621523E-02	7.428723E-04
7.270716E-03	8.646113E-01	8.573481E-02	7.427387E-04
7.507279E-03	8.147299E-01	8.255728E-02	7.426903E-04
7.751538E-03	7.798806E-01	7.844568E-02	7.428297E-04
8.003744E-03	7.824229E-01	7.894933E-02	7.422845E-04
8.264157E-03	7.825797E-01	7.477313E-02	7.427002E-04
8.533042E-03	7.058044E-01	7.346323E-02	7.426358E-04
8.810676E-03	6.660928E-01	7.033857E-02	7.428378E-04
9.097343E-03	6.277558E-01	6.905804E-02	7.424326E-04
9.393337E-03	6.165931E-01	6.606431E-02	7.426665E-04
9.698962E-03	6.123258E-01	6.420057E-02	7.428066E-04
1.001453E-02	6.008090E-01	6.239636E-02	7.425012E-04
1.034037E-02	5.699863E-01	6.012410E-02	7.428355E-04
1.067680E-02	5.416995E-01	5.832159E-02	7.428929E-04
1.102419E-02	5.452693E-01	5.644040E-02	7.428105E-04
1.138287E-02	5.199722E-01	5.429751E-02	7.426638E-04
1.175323E-02	5.440707E-01	5.270768E-02	7.428098E-04
1.213564E-02	4.955051E-01	5.067743E-02	7.425999E-04
1.253049E-02	4.587071E-01	4.870670E-02	7.429649E-04
1.293818E-02	4.480559E-01	4.829110E-02	7.429324E-04
1.335914E-02	4.446473E-01	4.649009E-02	7.426767E-04
1.379380E-02	4.134235E-01	4.501922E-02	7.428966E-04
1.424260E-02	4.208607E-01	4.381704E-02	7.428783E-04
1.470600E-02	3.878273E-01	4.237949E-02	7.427528E-04
1.518448E-02	3.885872E-01	4.125707E-02	7.428521E-04
1.567853E-02	3.660045E-01	3.959056E-02	7.429083E-04
1.618865E-02	3.867536E-01	3.837445E-02	7.430527E-04
1.671537E-02	3.443792E-01	3.717784E-02	7.429553E-04
1.725923E-02	3.326873E-01	3.606672E-02	7.433539E-04
1.782078E-02	3.410103E-01	3.471866E-02	7.434960E-04
1.840060E-02	3.227947E-01	3.391118E-02	7.434885E-04
1.899929E-02	3.207007E-01	3.282054E-02	7.432554E-04
1.961746E-02	2.999827E-01	3.203365E-02	7.430488E-04
2.025574E-02	3.137118E-01	3.096109E-02	7.430892E-04
2.091478E-02	2.868079E-01	3.011226E-02	7.433035E-04
2.159527E-02	2.702880E-01	2.898205E-02	7.438264E-04
2.229790E-02	2.651968E-01	2.829915E-02	7.439474E-04
2.302340E-02	2.536733E-01	2.742654E-02	7.436597E-04
2.377249E-02	2.520785E-01	2.667214E-02	7.433872E-04
2.454596E-02	2.358573E-01	2.573258E-02	7.431751E-04
2.534460E-02	2.451513E-01	2.517574E-02	7.431696E-04
2.616922E-02	2.359358E-01	2.413237E-02	7.437147E-04
2.702067E-02	2.168573E-01	2.345164E-02	7.453668E-04
2.789982E-02	2.106861E-01	2.264962E-02	7.476013E-04
2.880758E-02	2.106176E-01	2.225943E-02	7.504647E-04
2.974487E-02	1.985661E-01	2.230345E-02	7.528169E-04
3.071266E-02	1.967135E-01	2.263164E-02	7.542378E-04
3.171194E-02	1.925056E-01	2.296477E-02	7.557025E-04
3.274373E-02	1.792884E-01	2.370836E-02	7.571706E-04
3.380909E-02	1.748981E-01	2.473601E-02	7.589283E-04
3.490911E-02	1.717356E-01	2.581007E-02	7.615216E-04
3.604492E-02	1.576620E-01	2.701681E-02	7.645433E-04
3.721769E-02	1.546029E-01	2.887486E-02	7.676488E-04
3.842862E-02	1.541405E-01	3.126184E-02	7.709644E-04
3.967895E-02	1.459138E-01	3.382408E-02	7.763052E-04
4.096995E-02	1.466590E-01	3.678300E-02	7.836009E-04
4.230297E-02	1.505605E-01	4.208689E-02	7.916643E-04
4.367935E-02	1.386109E-01	5.068293E-02	7.995468E-04
4.510051E-02	1.385469E-01	6.617163E-02	8.070284E-04
4.656792E-02	1.621596E-01	9.442389E-02	8.151053E-04
4.808307E-02	1.030262E-01	1.683864E-01	8.231425E-04
4.964751E-02	-8.526404E-03	5.662438E-01	8.297539E-04
