# I(Q)
#Q (1/A)        I (1/cm)        dI (1/cm)       dQ (1/A)
2.085782E-03	1.184803E+01	1.426927E+01	6.831129E-04
2.153646E-03	4.617614E+00	3.447422E+00	6.914080E-04
2.223718E-03	7.634911E+00	2.940912E+00	7.024151E-04
2.296069E-03	6.820795E+00	2.057247E+00	7.129007E-04
2.370775E-03	6.608714E+00	1.652328E+00	7.207213E-04
2.447911E-03	5.688616E+00	1.710659E+00	7.260297E-04
2.527557E-03	6.039165E+00	1.339363E+00	7.321372E-04
2.609795E-03	5.925799E+00	1.219676E+00	7.338626E-04
2.694708E-03	5.527913E+00	1.147578E+00	7.336419E-04
2.782384E-03	5.777590E+00	9.392041E-01	7.359008E-04
2.872912E-03	4.983485E+00	9.165697E-01	7.348290E-04
2.966386E-03	4.991076E+00	7.956867E-01	7.425876E-04
3.062902E-03	4.645421E+00	8.612522E-01	7.364229E-04
3.162557E-03	5.470894E+00	7.962715E-01	7.376699E-04
3.265455E-03	5.057088E+00	7.394837E-01	7.382214E-04
3.371701E-03	4.452561E+00	6.824731E-01	7.356426E-04
3.481404E-03	4.247258E+00	5.857859E-01	7.352260E-04
3.594676E-03	4.367843E+00	5.690528E-01	7.371972E-04
3.711633E-03	4.237079E+00	5.638094E-01	7.380209E-04
3.832396E-03	3.802402E+00	4.965418E-01	7.394845E-04
3.957088E-03	3.997705E+00	4.912691E-01	7.402172E-04
4.085838E-03	3.800883E+00	4.349457E-01	7.405624E-04
4.218776E-03	3.569008E+00	4.266449E-01	7.403430E-04
4.356039E-03	3.627864E+00	4.061792E-01	7.403880E-04
4.497769E-03	2.967029E+00	3.826313E-01	7.421061E-04
4.644110E-03	3.275722E+00	3.703358E-01	7.402156E-04
4.795212E-03	2.668328E+00	3.449567E-01	7.443673E-04
4.951230E-03	2.588109E+00	3.489068E-01	7.414324E-04
5.112325E-03	2.306710E+00	3.309050E-01	7.435783E-04
5.278661E-03	2.408797E+00	3.170006E-01	7.421583E-04
5.450410E-03	2.424154E+00	3.126291E-01	7.425865E-04
5.627746E-03	2.428781E+00	3.007475E-01	7.428205E-04
5.810852E-03	2.234117E+00	2.974387E-01	7.423596E-04
5.999916E-03	2.045089E+00	2.764522E-01	7.429390E-04
6.195131E-03	2.058181E+00	2.802235E-01	7.424204E-04
6.396698E-03	1.782745E+00	2.641216E-01	7.423248E-04
6.604823E-03	2.026473E+00	2.542866E-01	7.429631E-04
6.819720E-03	1.735811E+00	2.527779E-01	7.422537E-04
7.041608E-03	1.759970E+00	2.357815E-01	7.428723E-04
7.270716E-03	1.661272E+00	2.341080E-01	7.427387E-04
7.507279E-03	1.602779E+00	2.252196E-01	7.426903E-04
7.751538E-03	1.566649E+00	2.146684E-01	7.428297E-04
8.003744E-03	1.479601E+00	2.155770E-01	7.422845E-04
8.264157E-03	1.447768E+00	2.044385E-01	7.427002E-04
8.533042E-03	1.386161E+00	2.006817E-01	7.426358E-04
8.810676E-03	1.487459E+00	1.922435E-01	7.428378E-04
9.097343E-03	1.440776E+00	1.889329E-01	7.424326E-04
9.393337E-03	1.299286E+00	1.806451E-01	7.426665E-04
9.698962E-03	1.297607E+00	1.755667E-01	7.428066E-04
1.001453E-02	1.161188E+00	1.705559E-01	7.425012E-04
1.034037E-02	1.290532E+00	1.644250E-01	7.428355E-04
1.067680E-02	1.130420E+00	1.596137E-01	7.428929E-04
1.102419E-02	1.134108E+00	1.544427E-01	7.428105E-04
1.138287E-02	1.044580E+00	1.485399E-01	7.426638E-04
1.175323E-02	1.127248E+00	1.442719E-01	7.428098E-04
1.213564E-02	1.126087E+00	1.387606E-01	7.425999E-04
1.253049E-02	9.951097E-01	1.333987E-01	7.429649E-04
1.293818E-02	1.048420E+00	1.322127E-01	7.429324E-04
1.335914E-02	1.063561E+00	1.273464E-01	7.426767E-04
1.379380E-02	9.653750E-01	1.232581E-01	7.428966E-04
1.424260E-02	9.963536E-01	1.200210E-01	7.428783E-04
1.470600E-02	9.579672E-01	1.160744E-01	7.427528E-04
1.518448E-02	9.129441E-01	1.130697E-01	7.428521E-04
1.567853E-02	8.602127E-01	1.084293E-01	7.429083E-04
1.618865E-02	8.499130E-01	1.050712E-01	7.430527E-04
1.671537E-02	8.666283E-01	1.018820E-01	7.429553E-04
1.725923E-02	8.491021E-01	9.874922E-02	7.433539E-04
1.782078E-02	8.254643E-01	9.508395E-02	7.434960E-04
1.840060E-02	8.096842E-01	9.288706E-02	7.434885E-04
1.899929E-02	8.106193E-01	8.991414E-02	7.432554E-04
1.961746E-02	7.943453E-01	8.779962E-02	7.430488E-04
2.025574E-02	7.609058E-01	8.484499E-02	7.430892E-04
2.091478E-02	7.632517E-01	8.254488E-02	7.433035E-04
2.159527E-02	7.655994E-01	7.943351E-02	7.438264E-04
2.229790E-02	7.191267E-01	7.756532E-02	7.439474E-04
2.302340E-02	6.962666E-01	7.517521E-02	7.436597E-04
2.377249E-02	7.274512E-01	7.314973E-02	7.433872E-04
2.454596E-02	6.964926E-01	7.055633E-02	7.431751E-04
2.534460E-02	6.744659E-01	6.905075E-02	7.431696E-04
2.616922E-02	6.459055E-01	6.618208E-02	7.437147E-04
2.702067E-02	6.490112E-01	6.430210E-02	7.453668E-04
2.789982E-02	6.336176E-01	6.206343E-02	7.476013E-04
2.880758E-02	6.039545E-01	6.095251E-02	7.504647E-04
2.974487E-02	5.969079E-01	6.106919E-02	7.528169E-04
3.071266E-02	6.110191E-01	6.199295E-02	7.542378E-04
3.171194E-02	5.617068E-01	6.287007E-02	7.557025E-04
3.274373E-02	5.743546E-01	6.488920E-02	7.571706E-04
3.380909E-02	5.714300E-01	6.769228E-02	7.589283E-04
3.490911E-02	5.615888E-01	7.058089E-02	7.615216E-04
3.604493E-02	5.322041E-01	7.386130E-02	7.645433E-04
3.721769E-02	5.455586E-01	7.887447E-02	7.676488E-04
3.842862E-02	4.963330E-01	8.525373E-02	7.709644E-04
3.967895E-02	5.355811E-01	9.210747E-02	7.763052E-04
4.096995E-02	5.182194E-01	9.989868E-02	7.836009E-04
4.230297E-02	4.572200E-01	1.138452E-01	7.916643E-04
4.367935E-02	5.277091E-01	1.368571E-01	7.995468E-04
4.510051E-02	5.092904E-01	1.781863E-01	8.070284E-04
4.656792E-02	4.861550E-01	2.541096E-01	8.151053E-04
4.808307E-02	3.517598E-01	4.528798E-01	8.231425E-04
4.964751E-02	3.169421E-01	1.516723E+00	8.297539E-04
