# I(Q)
#Q (1/A)        I (1/cm)        dI (1/cm)       dQ (1/A)
2.085782E-03	1.046040E+01	1.262483E+01	6.831129E-04
2.153646E-03	4.332456E+00	3.050329E+00	6.914080E-04
2.223718E-03	7.322586E+00	2.614176E+00	7.024151E-04
2.296069E-03	7.024944E+00	1.829957E+00	7.129007E-04
2.370775E-03	7.381245E+00	1.478476E+00	7.207213E-04
2.447911E-03	5.524897E+00	1.513496E+00	7.260297E-04
2.527557E-03	5.898438E+00	1.189138E+00	7.321372E-04
2.609795E-03	5.961213E+00	1.090012E+00	7.338626E-04
2.694708E-03	5.621010E+00	1.021388E+00	7.336419E-04
2.782384E-03	5.590748E+00	8.356037E-01	7.359008E-04
2.872912E-03	4.965156E+00	8.177133E-01	7.348290E-04
2.966386E-03	5.081980E+00	7.087690E-01	7.425876E-04
3.062902E-03	4.536377E+00	7.667536E-01	7.364229E-04
3.162557E-03	5.450182E+00	7.100111E-01	7.376699E-04
3.265455E-03	4.909175E+00	6.564056E-01	7.382214E-04
3.371701E-03	4.550659E+00	6.062693E-01	7.356426E-04
3.481404E-03	4.186732E+00	5.220141E-01	7.352260E-04
3.594676E-03	4.407463E+00	5.058623E-01	7.371972E-04
3.711633E-03	4.194006E+00	5.006606E-01	7.380209E-04
3.832396E-03	3.813827E+00	4.411415E-01	7.394845E-04
3.957088E-03	4.024663E+00	4.359637E-01	7.402172E-04
4.085838E-03	3.805386E+00	3.861233E-01	7.405624E-04
4.218776E-03	3.575214E+00	3.789262E-01	7.403430E-04
4.356039E-03	3.577695E+00	3.607476E-01	7.403880E-04
4.497769E-03	2.871079E+00	3.397517E-01	7.421061E-04
4.644110E-03	3.160633E+00	3.281604E-01	7.402156E-04
4.795212E-03	2.671491E+00	3.058845E-01	7.443673E-04
4.951230E-03	2.553599E+00	3.093298E-01	7.414324E-04
5.112325E-03	2.355152E+00	2.937237E-01	7.435783E-04
5.278661E-03	2.444990E+00	2.808652E-01	7.421583E-04
5.450410E-03	2.376846E+00	2.770812E-01	7.425865E-04
5.627746E-03	2.402232E+00	2.665819E-01	7.428205E-04
5.810852E-03	2.241801E+00	2.640197E-01	7.423596E-04
5.999916E-03	2.087643E+00	2.450199E-01	7.429390E-04
6.195131E-03	2.101400E+00	2.485951E-01	7.424204E-04
6.396698E-03	1.833908E+00	2.339440E-01	7.423248E-04
6.604823E-03	1.980571E+00	2.252125E-01	7.429631E-04
6.819720E-03	1.784078E+00	2.240572E-01	7.422537E-04
7.041608E-03	1.765431E+00	2.088401E-01	7.428723E-04
7.270716E-03	1.648355E+00	2.073102E-01	7.427387E-04
7.507279E-03	1.616008E+00	1.994511E-01	7.426903E-04
7.751538E-03	1.542993E+00	1.900914E-01	7.428297E-04
8.003744E-03	1.490803E+00	1.910921E-01	7.422845E-04
8.264157E-03	1.439433E+00	1.810385E-01	7.427002E-04
8.533042E-03	1.392189E+00	1.776496E-01	7.426358E-04
8.810676E-03	1.519376E+00	1.701586E-01	7.428378E-04
9.097343E-03	1.444711E+00	1.672888E-01	7.424326E-04
9.393337E-03	1.329382E+00	1.599243E-01	7.426665E-04
9.698962E-03	1.295520E+00	1.554388E-01	7.428066E-04
1.001453E-02	1.193592E+00	1.509745E-01	7.425012E-04
1.034037E-02	1.293151E+00	1.456038E-01	7.428355E-04
1.067680E-02	1.143602E+00	1.413240E-01	7.428929E-04
1.102419E-02	1.145025E+00	1.367010E-01	7.428105E-04
1.138287E-02	1.049718E+00	1.315377E-01	7.426638E-04
1.175323E-02	1.112392E+00	1.276872E-01	7.428098E-04
1.213564E-02	1.133289E+00	1.228214E-01	7.425999E-04
1.253049E-02	1.016347E+00	1.180740E-01	7.429649E-04
1.293818E-02	1.035884E+00	1.170248E-01	7.429324E-04
1.335914E-02	1.073695E+00	1.127369E-01	7.426767E-04
1.379380E-02	9.651549E-01	1.090928E-01	7.428966E-04
1.424260E-02	1.008915E+00	1.062345E-01	7.428783E-04
1.470600E-02	9.457702E-01	1.027284E-01	7.427528E-04
1.518448E-02	9.211279E-01	1.000801E-01	7.428521E-04
1.567853E-02	8.678354E-01	9.597951E-02	7.429083E-04
1.618865E-02	8.565765E-01	9.300709E-02	7.430527E-04
1.671537E-02	8.651407E-01	9.017075E-02	7.429553E-04
1.725923E-02	8.411286E-01	8.740160E-02	7.433539E-04
1.782078E-02	8.420085E-01	8.415153E-02	7.434960E-04
1.840060E-02	8.211582E-01	8.221370E-02	7.434885E-04
1.899929E-02	8.015574E-01	7.958111E-02	7.432554E-04
1.961746E-02	7.908198E-01	7.770380E-02	7.430488E-04
2.025574E-02	7.545721E-01	7.509415E-02	7.430892E-04
2.091478E-02	7.592699E-01	7.305131E-02	7.433035E-04
2.159527E-02	7.593028E-01	7.029454E-02	7.438264E-04
2.229790E-02	7.240293E-01	6.863814E-02	7.439474E-04
2.302340E-02	7.052238E-01	6.653259E-02	7.436597E-04
2.377249E-02	7.273972E-01	6.474365E-02	7.433872E-04
2.454596E-02	6.932554E-01	6.244404E-02	7.431751E-04
2.534460E-02	6.792679E-01	6.111122E-02	7.431696E-04
2.616922E-02	6.507304E-01	5.857112E-02	7.437147E-04
2.702067E-02	6.517850E-01	5.690487E-02	7.453668E-04
2.789982E-02	6.274900E-01	5.492459E-02	7.476013E-04
2.880758E-02	6.117430E-01	5.394665E-02	7.504647E-04
2.974487E-02	6.023103E-01	5.403949E-02	7.528169E-04
3.071266E-02	6.098638E-01	5.486491E-02	7.542378E-04
3.171194E-02	5.574251E-01	5.563937E-02	7.557025E-04
3.274373E-02	5.651842E-01	5.742180E-02	7.571706E-04
3.380909E-02	5.676399E-01	5.990383E-02	7.589283E-04
3.490911E-02	5.666593E-01	6.246344E-02	7.615216E-04
3.604493E-02	5.381435E-01	6.536558E-02	7.645433E-04
3.721769E-02	5.438131E-01	6.979924E-02	7.676488E-04
3.842862E-02	4.972676E-01	7.544987E-02	7.709644E-04
3.967895E-02	5.249006E-01	8.151374E-02	7.763052E-04
4.096995E-02	5.177367E-01	8.841646E-02	7.836009E-04
4.230297E-02	4.589292E-01	1.007878E-01	7.916643E-04
4.367935E-02	5.280117E-01	1.211794E-01	7.995468E-04
4.510051E-02	4.810230E-01	1.577314E-01	8.070284E-04
4.656792E-02	4.904965E-01	2.249183E-01	8.151053E-04
4.808307E-02	4.244505E-01	4.007263E-01	8.231425E-04
4.964751E-02	2.760714E-01	1.342082E+00	8.297539E-04
