# I(Q)
#Q (1/A)        I (1/cm)        dI (1/cm)       dQ (1/A)
2.085782E-03	-1.867775E-01	1.641758E+02	6.831129E-04
2.153646E-03	3.551220E+00	3.916192E+01	6.914080E-04
2.223718E-03	1.698901E+01	3.007030E+01	7.024151E-04
2.296069E-03	4.034161E+00	2.286728E+01	7.129007E-04
2.370775E-03	1.039694E+01	1.830977E+01	7.207213E-04
2.447911E-03	5.175764E+00	1.921079E+01	7.260297E-04
2.527557E-03	6.233446E+00	1.482061E+01	7.321372E-04
2.609795E-03	5.997991E+00	1.369752E+01	7.338626E-04
2.694708E-03	1.053810E+01	1.283696E+01	7.336419E-04
2.782384E-03	5.872410E+00	1.040620E+01	7.359008E-04
2.872912E-03	4.961267E+00	1.026813E+01	7.348290E-04
2.966386E-03	5.413416E+00	8.905823E+00	7.425876E-04
3.062902E-03	3.727813E+00	9.690033E+00	7.364229E-04
3.162557E-03	5.533788E+00	8.881127E+00	7.376699E-04
3.265455E-03	4.491478E+00	8.232999E+00	7.382214E-04
3.371701E-03	5.842901E+00	7.718802E+00	7.356426E-04
3.481404E-03	2.938554E+00	6.618332E+00	7.352260E-04
3.594676E-03	3.062368E+00	6.422060E+00	7.371972E-04
3.711633E-03	3.657875E+00	6.356670E+00	7.380209E-04
3.832396E-03	4.088167E+00	5.617238E+00	7.394845E-04
3.957088E-03	3.518322E+00	5.542467E+00	7.402172E-04
4.085838E-03	3.798711E+00	4.914275E+00	7.405624E-04
4.218776E-03	4.440591E+00	4.811282E+00	7.403430E-04
4.356039E-03	4.460984E+00	4.607819E+00	7.403880E-04
4.497769E-03	2.852260E+00	4.355685E+00	7.421061E-04
4.644109E-03	3.410678E+00	4.200083E+00	7.402156E-04
4.795212E-03	3.279993E+00	3.927441E+00	7.443673E-04
4.951230E-03	2.437252E+00	3.983925E+00	7.414324E-04
5.112325E-03	2.492081E+00	3.786914E+00	7.435783E-04
5.278661E-03	2.294625E+00	3.620472E+00	7.421583E-04
5.450410E-03	2.753590E+00	3.574018E+00	7.425865E-04
5.627746E-03	2.914285E+00	3.438137E+00	7.428205E-04
5.810852E-03	1.812652E+00	3.400398E+00	7.423596E-04
5.999916E-03	1.908978E+00	3.161631E+00	7.429390E-04
6.195131E-03	2.277168E+00	3.208440E+00	7.424204E-04
6.396698E-03	1.640704E+00	3.025257E+00	7.423248E-04
6.604823E-03	2.243627E+00	2.908375E+00	7.429631E-04
6.819720E-03	1.593315E+00	2.896788E+00	7.422537E-04
7.041608E-03	1.417365E+00	2.697861E+00	7.428723E-04
7.270716E-03	1.579422E+00	2.684259E+00	7.427387E-04
7.507279E-03	2.132257E+00	2.582118E+00	7.426903E-04
7.751538E-03	1.533837E+00	2.457444E+00	7.428297E-04
8.003744E-03	1.140096E+00	2.473230E+00	7.422845E-04
8.264157E-03	1.816654E+00	2.344474E+00	7.427002E-04
8.533042E-03	1.311737E+00	2.303434E+00	7.426358E-04
8.810676E-03	1.790115E+00	2.205010E+00	7.428378E-04
9.097343E-03	1.738300E+00	2.167872E+00	7.424326E-04
9.393337E-03	1.011715E+00	2.072262E+00	7.426665E-04
9.698962E-03	1.502521E+00	2.015245E+00	7.428066E-04
1.001453E-02	1.188145E+00	1.958983E+00	7.425012E-04
1.034037E-02	8.989685E-01	1.888107E+00	7.428355E-04
1.067680E-02	1.039925E+00	1.833029E+00	7.428929E-04
1.102419E-02	1.180162E+00	1.773491E+00	7.428105E-04
1.138287E-02	1.163090E+00	1.705677E+00	7.426638E-04
1.175323E-02	1.128606E+00	1.656281E+00	7.428098E-04
1.213564E-02	1.117239E+00	1.593214E+00	7.425999E-04
1.253049E-02	9.146022E-01	1.531340E+00	7.429649E-04
1.293818E-02	8.629605E-01	1.518934E+00	7.429324E-04
1.335914E-02	9.297831E-01	1.463088E+00	7.426767E-04
1.379380E-02	8.632423E-01	1.416074E+00	7.428966E-04
1.424260E-02	8.877376E-01	1.378476E+00	7.428783E-04
1.470600E-02	9.077024E-01	1.333496E+00	7.427528E-04
1.518448E-02	9.579631E-01	1.298785E+00	7.428521E-04
1.567853E-02	7.290484E-01	1.246158E+00	7.429083E-04
1.618865E-02	7.957350E-01	1.207447E+00	7.430527E-04
1.671537E-02	7.770608E-01	1.170504E+00	7.429553E-04
1.725923E-02	8.410286E-01	1.135124E+00	7.433539E-04
1.782078E-02	9.154183E-01	1.092620E+00	7.434960E-04
1.840060E-02	8.027640E-01	1.067633E+00	7.434885E-04
1.899929E-02	7.887059E-01	1.033635E+00	7.432554E-04
1.961746E-02	8.281724E-01	1.009248E+00	7.430488E-04
2.025574E-02	7.989429E-01	9.752925E-01	7.430892E-04
2.091478E-02	8.754983E-01	9.488051E-01	7.433035E-04
2.159527E-02	7.420565E-01	9.130094E-01	7.438264E-04
2.229790E-02	6.208858E-01	8.916271E-01	7.439474E-04
2.302340E-02	6.731177E-01	8.642819E-01	7.436597E-04
2.377249E-02	6.461244E-01	8.407246E-01	7.433872E-04
2.454596E-02	7.208440E-01	8.111013E-01	7.431751E-04
2.534460E-02	5.817720E-01	7.938449E-01	7.431696E-04
2.616922E-02	7.055474E-01	7.607630E-01	7.437147E-04
2.702067E-02	7.137759E-01	7.392122E-01	7.453668E-04
2.789982E-02	6.437403E-01	7.134923E-01	7.476013E-04
2.880758E-02	6.192354E-01	7.007993E-01	7.504647E-04
2.974487E-02	6.082627E-01	7.021244E-01	7.528169E-04
3.071266E-02	5.534148E-01	7.125851E-01	7.542378E-04
3.171194E-02	5.728614E-01	7.227345E-01	7.557025E-04
3.274373E-02	6.489146E-01	7.459609E-01	7.571706E-04
3.380909E-02	5.720278E-01	7.780601E-01	7.589283E-04
3.490911E-02	6.694026E-01	8.115486E-01	7.615216E-04
3.604493E-02	6.175753E-01	8.489527E-01	7.645434E-04
3.721769E-02	6.191178E-01	9.065724E-01	7.676488E-04
3.842862E-02	5.366065E-01	9.802348E-01	7.709644E-04
3.967895E-02	5.416570E-01	1.058452E+00	7.763052E-04
4.096995E-02	4.862920E-01	1.147362E+00	7.836009E-04
4.230297E-02	4.826291E-01	1.308282E+00	7.916643E-04
4.367935E-02	3.691541E-01	1.571326E+00	7.995468E-04
4.510051E-02	5.970672E-01	2.047270E+00	8.070284E-04
4.656792E-02	7.177736E-01	2.912870E+00	8.151053E-04
4.808307E-02	-4.176771E-02	5.193823E+00	8.231425E-04
4.964751E-02	-3.752647E-02	1.744503E+01	8.297539E-04
