# I(Q)
#Q (1/A)        I (1/cm)        dI (1/cm)       dQ (1/A)
2.085782E-03	-1.866348E-01	2.117022E+01	6.831129E-04
2.153646E-03	3.642185E+00	5.050455E+00	6.914080E-04
2.223718E-03	8.014318E+00	4.279067E+00	7.024151E-04
2.296069E-03	5.678017E+00	2.982494E+00	7.129007E-04
2.370775E-03	6.764798E+00	2.407827E+00	7.207213E-04
2.447911E-03	4.673289E+00	2.514076E+00	7.260297E-04
2.527557E-03	4.982996E+00	1.939409E+00	7.321372E-04
2.609795E-03	5.966232E+00	1.795793E+00	7.338625E-04
2.694708E-03	4.968013E+00	1.670652E+00	7.336419E-04
2.782384E-03	5.148086E+00	1.357602E+00	7.359008E-04
2.872912E-03	5.411450E+00	1.333521E+00	7.348290E-04
2.966386E-03	4.826754E+00	1.162242E+00	7.425876E-04
3.062902E-03	3.973687E+00	1.257409E+00	7.364229E-04
3.162557E-03	5.402452E+00	1.163729E+00	7.376699E-04
3.265455E-03	5.127660E+00	1.085876E+00	7.382214E-04
3.371701E-03	4.544547E+00	1.004331E+00	7.356426E-04
3.481404E-03	4.111290E+00	8.625932E-01	7.352260E-04
3.594676E-03	4.431446E+00	8.366312E-01	7.371972E-04
3.711633E-03	4.077933E+00	8.246849E-01	7.380209E-04
3.832396E-03	3.834340E+00	7.294934E-01	7.394845E-04
3.957088E-03	3.932050E+00	7.229710E-01	7.402172E-04
4.085838E-03	3.926611E+00	6.391055E-01	7.405624E-04
4.218776E-03	3.561100E+00	6.231546E-01	7.403430E-04
4.356039E-03	3.706303E+00	5.983226E-01	7.403880E-04
4.497769E-03	2.887135E+00	5.652419E-01	7.421061E-04
4.644110E-03	3.302471E+00	5.451892E-01	7.402156E-04
4.795212E-03	2.754052E+00	5.094142E-01	7.443673E-04
4.951230E-03	2.564556E+00	5.158231E-01	7.414324E-04
5.112325E-03	2.160380E+00	4.894229E-01	7.435783E-04
5.278661E-03	2.450127E+00	4.687123E-01	7.421583E-04
5.450410E-03	2.455882E+00	4.623550E-01	7.425865E-04
5.627746E-03	2.457023E+00	4.446602E-01	7.428205E-04
5.810852E-03	2.141462E+00	4.393519E-01	7.423596E-04
5.999916E-03	1.982233E+00	4.083902E-01	7.429390E-04
6.195131E-03	2.059410E+00	4.146470E-01	7.424204E-04
6.396698E-03	1.758134E+00	3.910526E-01	7.423248E-04
6.604823E-03	1.967266E+00	3.758818E-01	7.429631E-04
6.819720E-03	1.736959E+00	3.741501E-01	7.422537E-04
7.041608E-03	1.712343E+00	3.487267E-01	7.428723E-04
7.270716E-03	1.547307E+00	3.465898E-01	7.427387E-04
7.507279E-03	1.682962E+00	3.335460E-01	7.426903E-04
7.751538E-03	1.443309E+00	3.173661E-01	7.428297E-04
8.003744E-03	1.515220E+00	3.191595E-01	7.422845E-04
8.264157E-03	1.557454E+00	3.029333E-01	7.427002E-04
8.533042E-03	1.337315E+00	2.972787E-01	7.426358E-04
8.810676E-03	1.414664E+00	2.847017E-01	7.428378E-04
9.097343E-03	1.488007E+00	2.799052E-01	7.424326E-04
9.393337E-03	1.304179E+00	2.676152E-01	7.426665E-04
9.698962E-03	1.303354E+00	2.601540E-01	7.428066E-04
1.001453E-02	1.141829E+00	2.527968E-01	7.425012E-04
1.034037E-02	1.213691E+00	2.436869E-01	7.428355E-04
1.067680E-02	1.113049E+00	2.365187E-01	7.428929E-04
1.102419E-02	1.073138E+00	2.289243E-01	7.428105E-04
1.138287E-02	1.050686E+00	2.201888E-01	7.426638E-04
1.175323E-02	1.164398E+00	2.137723E-01	7.428098E-04
1.213564E-02	1.106175E+00	2.056427E-01	7.425999E-04
1.253049E-02	1.031365E+00	1.976316E-01	7.429649E-04
1.293818E-02	1.029351E+00	1.959707E-01	7.429324E-04
1.335914E-02	1.044988E+00	1.887460E-01	7.426767E-04
1.379380E-02	9.758940E-01	1.826929E-01	7.428966E-04
1.424260E-02	1.007088E+00	1.779255E-01	7.428783E-04
1.470600E-02	9.448081E-01	1.720647E-01	7.427528E-04
1.518448E-02	9.060068E-01	1.676309E-01	7.428521E-04
1.567853E-02	8.442999E-01	1.607536E-01	7.429083E-04
1.618865E-02	8.238341E-01	1.557942E-01	7.430527E-04
1.671537E-02	8.638908E-01	1.510540E-01	7.429553E-04
1.725923E-02	8.346459E-01	1.464368E-01	7.433539E-04
1.782078E-02	8.418877E-01	1.409910E-01	7.434960E-04
1.840060E-02	7.979617E-01	1.377270E-01	7.434885E-04
1.899929E-02	8.452153E-01	1.333480E-01	7.432554E-04
1.961746E-02	7.849309E-01	1.301857E-01	7.430488E-04
2.025574E-02	7.659477E-01	1.258291E-01	7.430892E-04
2.091478E-02	7.697293E-01	1.223940E-01	7.433035E-04
2.159527E-02	7.470566E-01	1.177906E-01	7.438264E-04
2.229790E-02	7.072640E-01	1.150248E-01	7.439474E-04
2.302340E-02	6.896270E-01	1.114852E-01	7.436597E-04
2.377249E-02	7.287207E-01	1.084792E-01	7.433872E-04
2.454596E-02	6.819548E-01	1.046330E-01	7.431751E-04
2.534460E-02	6.629316E-01	1.023986E-01	7.431696E-04
2.616922E-02	6.537181E-01	9.814943E-02	7.437147E-04
2.702067E-02	6.420102E-01	9.536012E-02	7.453668E-04
2.789982E-02	6.286818E-01	9.204444E-02	7.476013E-04
2.880758E-02	5.804514E-01	9.039619E-02	7.504647E-04
2.974487E-02	5.918276E-01	9.056991E-02	7.528169E-04
3.071266E-02	6.082775E-01	9.193357E-02	7.542378E-04
3.171194E-02	5.725215E-01	9.323086E-02	7.557025E-04
3.274373E-02	5.999429E-01	9.623229E-02	7.571706E-04
3.380909E-02	5.729049E-01	1.003780E-01	7.589283E-04
3.490911E-02	5.576616E-01	1.046810E-01	7.615216E-04
3.604492E-02	5.338297E-01	1.095110E-01	7.645433E-04
3.721769E-02	5.581426E-01	1.169640E-01	7.676488E-04
3.842862E-02	4.931479E-01	1.264398E-01	7.709644E-04
3.967895E-02	5.393401E-01	1.365748E-01	7.763052E-04
4.096995E-02	4.808013E-01	1.480620E-01	7.836009E-04
4.230297E-02	4.551863E-01	1.687829E-01	7.916643E-04
4.367935E-02	5.277744E-01	2.028528E-01	7.995468E-04
4.510051E-02	5.057299E-01	2.641522E-01	8.070284E-04
4.656792E-02	5.504366E-01	3.763071E-01	8.151053E-04
4.808307E-02	3.786914E-01	6.718247E-01	8.231425E-04
4.964751E-02	-3.749780E-02	2.249893E+00	8.297539E-04
