# I(Q)
#Q (1/A)        I (1/cm)        dI (1/cm)       dQ (1/A)
2.085782E-03	-2.701656E-01	2.376601E+02	6.831129E-04
2.153646E-03	-1.735186E-01	5.657587E+01	6.914080E-04
2.223718E-03	-1.469002E-01	4.340510E+01	7.024151E-04
2.296069E-03	2.648643E+00	3.297260E+01	7.129007E-04
2.370775E-03	-7.309715E-02	2.637029E+01	7.207213E-04
2.447911E-03	5.252228E+00	2.772324E+01	7.260297E-04
2.527557E-03	3.588454E+00	2.135272E+01	7.321372E-04
2.609795E-03	1.141278E+00	1.971975E+01	7.338626E-04
2.694708E-03	6.149442E-01	1.846680E+01	7.336419E-04
2.782384E-03	3.543120E+00	1.494772E+01	7.359008E-04
2.872912E-03	1.429843E+00	1.477886E+01	7.348290E-04
2.966386E-03	5.795892E+00	1.278867E+01	7.425876E-04
3.062902E-03	5.232355E+00	1.395761E+01	7.364229E-04
3.162557E-03	1.328282E+00	1.276588E+01	7.376699E-04
3.265455E-03	4.606216E+00	1.182712E+01	7.382214E-04
3.371701E-03	2.012854E+00	1.110886E+01	7.356426E-04
3.481404E-03	4.590467E+00	9.522848E+00	7.352260E-04
3.594676E-03	1.895410E+00	9.238577E+00	7.371972E-04
3.711633E-03	1.503844E+00	9.149142E+00	7.380209E-04
3.832396E-03	2.236879E+00	8.077141E+00	7.394845E-04
3.957088E-03	2.597730E+00	7.977370E+00	7.402172E-04
4.085838E-03	3.299775E+00	7.065112E+00	7.405625E-04
4.218776E-03	2.271882E+00	6.916981E+00	7.403430E-04
4.356039E-03	2.792757E+00	6.626587E+00	7.403880E-04
4.497769E-03	2.340230E+00	6.262594E+00	7.421061E-04
4.644109E-03	1.763183E+00	6.039148E+00	7.402156E-04
4.795212E-03	1.892589E+00	5.644258E+00	7.443673E-04
4.951230E-03	1.573323E+00	5.731004E+00	7.414325E-04
5.112325E-03	1.134891E+00	5.443723E+00	7.435783E-04
5.278661E-03	1.660039E+00	5.205508E+00	7.421583E-04
5.450410E-03	1.706785E+00	5.139543E+00	7.425865E-04
5.627746E-03	2.007204E+00	4.943634E+00	7.428205E-04
5.810852E-03	1.106067E+00	4.890353E+00	7.423596E-04
5.999916E-03	1.171508E+00	4.544289E+00	7.429390E-04
6.195131E-03	1.644869E+00	4.615356E+00	7.424204E-04
6.396698E-03	1.178632E+00	4.349116E+00	7.423248E-04
6.604823E-03	1.652147E+00	4.180801E+00	7.429632E-04
6.819720E-03	1.322074E+00	4.166389E+00	7.422537E-04
7.041608E-03	1.147464E+00	3.878168E+00	7.428723E-04
7.270716E-03	1.510142E+00	3.860008E+00	7.427387E-04
7.507279E-03	1.240134E+00	3.712714E+00	7.426903E-04
7.751538E-03	1.035374E+00	3.532709E+00	7.428297E-04
8.003744E-03	8.586087E-01	3.557467E+00	7.422845E-04
8.264157E-03	7.594474E-01	3.370717E+00	7.427002E-04
8.533042E-03	8.447451E-01	3.312364E+00	7.426358E-04
8.810676E-03	9.370393E-01	3.170280E+00	7.428378E-04
9.097343E-03	9.979229E-01	3.117774E+00	7.424326E-04
9.393337E-03	1.177680E+00	2.979360E+00	7.426665E-04
9.698962E-03	9.613058E-01	2.897763E+00	7.428067E-04
1.001453E-02	9.053193E-01	2.816818E+00	7.425012E-04
1.034037E-02	9.101880E-01	2.714876E+00	7.428355E-04
1.067680E-02	9.893393E-01	2.635705E+00	7.428929E-04
1.102419E-02	1.048661E+00	2.550150E+00	7.428105E-04
1.138287E-02	1.028231E+00	2.452268E+00	7.426638E-04
1.175323E-02	8.943955E-01	2.381463E+00	7.428098E-04
1.213564E-02	1.065737E+00	2.290798E+00	7.425999E-04
1.253049E-02	1.244182E+00	2.201611E+00	7.429649E-04
1.293818E-02	1.129928E+00	2.184571E+00	7.429325E-04
1.335914E-02	1.022951E+00	2.104163E+00	7.426767E-04
1.379380E-02	1.011935E+00	2.036351E+00	7.428966E-04
1.424260E-02	6.738829E-01	1.982398E+00	7.428783E-04
1.470600E-02	9.168321E-01	1.917587E+00	7.427528E-04
1.518448E-02	1.093505E+00	1.867783E+00	7.428521E-04
1.567853E-02	1.020919E+00	1.791903E+00	7.429083E-04
1.618865E-02	1.167377E+00	1.736181E+00	7.430527E-04
1.671537E-02	8.506864E-01	1.683197E+00	7.429554E-04
1.725923E-02	7.760578E-01	1.632169E+00	7.433539E-04
1.782078E-02	8.390402E-01	1.571018E+00	7.434960E-04
1.840060E-02	9.408628E-01	1.535281E+00	7.434885E-04
1.899929E-02	9.886782E-01	1.486436E+00	7.432554E-04
1.961746E-02	8.808686E-01	1.451561E+00	7.430488E-04
2.025574E-02	8.960186E-01	1.402619E+00	7.430892E-04
2.091478E-02	9.134502E-01	1.364529E+00	7.433035E-04
2.159527E-02	9.490861E-01	1.312850E+00	7.438264E-04
2.229790E-02	8.773617E-01	1.282236E+00	7.439474E-04
2.302340E-02	8.074185E-01	1.242995E+00	7.436597E-04
2.377249E-02	9.562536E-01	1.209216E+00	7.433872E-04
2.454596E-02	8.613714E-01	1.166566E+00	7.431751E-04
2.534460E-02	9.236335E-01	1.141948E+00	7.431696E-04
2.616922E-02	8.353807E-01	1.094147E+00	7.437148E-04
2.702067E-02	8.285833E-01	1.062826E+00	7.453668E-04
2.789982E-02	8.165555E-01	1.025280E+00	7.476013E-04
2.880758E-02	8.081586E-01	1.006601E+00	7.504647E-04
2.974487E-02	7.618288E-01	1.008321E+00	7.528169E-04
3.071266E-02	7.728035E-01	1.023259E+00	7.542378E-04
3.171194E-02	7.580113E-01	1.037368E+00	7.557025E-04
3.274373E-02	8.062739E-01	1.070334E+00	7.571706E-04
3.380909E-02	7.610388E-01	1.116046E+00	7.589283E-04
3.490911E-02	7.449891E-01	1.163628E+00	7.615216E-04
3.604493E-02	6.948084E-01	1.216461E+00	7.645434E-04
3.721769E-02	9.212689E-01	1.297810E+00	7.676488E-04
3.842862E-02	6.694038E-01	1.401690E+00	7.709644E-04
3.967895E-02	8.341587E-01	1.510759E+00	7.763052E-04
4.096995E-02	5.792188E-01	1.632564E+00	7.836009E-04
4.230297E-02	1.007638E+00	1.856253E+00	7.916644E-04
4.367935E-02	6.145324E-01	2.224173E+00	7.995468E-04
4.510051E-02	1.629875E+00	2.892753E+00	8.070284E-04
4.656792E-02	5.360542E-01	4.107568E+00	8.151053E-04
4.808307E-02	9.959746E-01	7.312182E+00	8.231425E-04
4.964752E-02	-5.276487E-02	2.453352E+01	8.297539E-04
