# I(Q)
#Q (1/A)        I (1/cm)        dI (1/cm)       dQ (1/A)
1.527077E-03	-1.190968E+00	1.176692E+03	5.499705E-04
1.576097E-03	8.862646E+01	4.582125E+02	5.597792E-04
1.626691E-03	-7.951429E-01	3.592504E+02	5.703082E-04
1.678909E-03	1.126354E+02	3.155940E+02	5.780378E-04
1.732803E-03	5.463779E+01	2.782646E+02	5.839578E-04
1.788427E-03	2.826350E+01	2.510175E+02	5.814580E-04
1.845836E-03	8.074285E+01	2.395418E+02	5.802211E-04
1.905088E-03	4.351528E+01	2.062115E+02	5.839597E-04
1.966243E-03	1.910197E+01	1.932787E+02	5.869012E-04
2.029360E-03	6.045582E+01	1.671195E+02	5.841742E-04
2.094504E-03	9.865511E+01	1.503760E+02	5.850235E-04
2.161739E-03	3.369490E+01	1.521340E+02	5.851302E-04
2.231132E-03	6.812607E+01	1.508034E+02	5.852877E-04
2.302752E-03	3.518439E+01	1.392202E+02	5.871470E-04
2.376672E-03	2.767956E+01	1.380063E+02	5.852463E-04
2.452964E-03	7.761830E+01	1.238735E+02	5.849188E-04
2.531706E-03	5.943908E+01	1.156191E+02	5.838956E-04
2.612975E-03	7.586865E+01	1.017423E+02	5.846171E-04
2.696853E-03	4.727852E+01	9.841912E+01	5.845034E-04
2.783423E-03	4.578970E+01	9.349915E+01	5.859945E-04
2.872773E-03	1.293765E+02	8.867971E+01	5.867528E-04
2.964991E-03	5.940832E+01	8.288896E+01	5.860614E-04
3.060168E-03	5.054341E+01	7.582418E+01	5.865470E-04
3.158401E-03	4.664168E+01	7.552071E+01	5.864663E-04
3.259788E-03	3.837264E+01	7.116216E+01	5.870813E-04
3.364429E-03	5.703371E+01	6.721854E+01	5.874562E-04
3.472429E-03	5.239297E+01	6.444423E+01	5.874157E-04
3.583896E-03	4.576287E+01	6.259827E+01	5.878893E-04
3.698941E-03	3.337095E+01	6.203267E+01	5.875190E-04
3.817679E-03	4.034498E+01	5.950168E+01	5.877016E-04
3.940229E-03	3.458309E+01	5.710768E+01	5.874319E-04
4.066712E-03	2.491269E+01	5.642967E+01	5.876277E-04
4.197256E-03	2.765648E+01	5.479696E+01	5.874886E-04
4.331990E-03	2.173437E+01	5.174086E+01	5.878019E-04
4.471050E-03	1.751415E+01	5.042961E+01	5.876479E-04
4.614573E-03	1.529817E+01	4.987328E+01	5.875084E-04
4.762703E-03	2.137752E+01	4.762611E+01	5.877751E-04
4.915588E-03	1.331394E+01	4.611804E+01	5.876156E-04
5.073382E-03	1.173826E+01	4.517679E+01	5.875070E-04
5.236240E-03	2.092253E+01	4.276557E+01	5.875915E-04
5.404326E-03	2.014477E+01	4.187847E+01	5.876852E-04
5.577808E-03	2.123906E+01	4.096545E+01	5.876638E-04
5.756859E-03	1.588416E+01	3.918100E+01	5.877184E-04
5.941657E-03	1.876085E+01	3.854540E+01	5.876566E-04
6.132388E-03	1.491069E+01	3.707334E+01	5.874678E-04
6.329241E-03	1.310458E+01	3.613788E+01	5.876999E-04
6.532413E-03	1.484961E+01	3.487950E+01	5.875728E-04
6.742107E-03	1.729199E+01	3.376411E+01	5.877109E-04
6.958533E-03	1.548311E+01	3.295666E+01	5.876718E-04
7.181905E-03	1.405630E+01	3.185782E+01	5.874906E-04
7.412449E-03	1.534073E+01	3.076927E+01	5.877098E-04
7.650392E-03	1.639139E+01	2.993992E+01	5.875590E-04
7.895974E-03	1.443742E+01	2.885828E+01	5.877029E-04
8.149439E-03	1.796145E+01	2.804306E+01	5.876152E-04
8.411041E-03	1.726311E+01	2.700130E+01	5.876450E-04
8.681040E-03	1.577351E+01	2.608448E+01	5.876231E-04
8.959706E-03	1.560487E+01	2.515935E+01	5.876130E-04
9.247318E-03	1.415831E+01	2.432318E+01	5.875645E-04
9.544162E-03	1.205627E+01	2.400570E+01	5.876698E-04
9.850535E-03	1.754148E+01	2.316052E+01	5.877041E-04
1.016674E-02	1.671265E+01	2.243884E+01	5.875673E-04
1.049310E-02	1.737914E+01	2.184044E+01	5.876234E-04
1.082993E-02	1.688591E+01	2.116255E+01	5.876594E-04
1.117758E-02	1.673241E+01	2.046617E+01	5.875923E-04
1.153639E-02	1.548257E+01	1.980055E+01	5.876331E-04
1.190671E-02	1.386224E+01	1.916687E+01	5.876114E-04
1.228893E-02	1.374153E+01	1.864108E+01	5.876606E-04
1.268341E-02	1.291515E+01	1.795382E+01	5.877566E-04
1.309055E-02	1.611007E+01	1.740984E+01	5.879517E-04
1.351077E-02	1.483492E+01	1.691925E+01	5.878666E-04
1.394447E-02	1.619863E+01	1.643212E+01	5.876979E-04
1.439209E-02	1.514539E+01	1.604544E+01	5.875184E-04
1.485409E-02	1.435402E+01	1.554473E+01	5.874214E-04
1.533091E-02	1.460601E+01	1.499450E+01	5.875492E-04
1.582304E-02	1.564656E+01	1.456771E+01	5.874927E-04
1.633097E-02	1.456917E+01	1.406434E+01	5.875701E-04
1.685520E-02	1.582105E+01	1.352801E+01	5.878970E-04
1.739627E-02	1.344648E+01	1.316318E+01	5.884918E-04
1.795470E-02	1.515012E+01	1.285502E+01	5.889240E-04
1.853105E-02	1.419139E+01	1.268780E+01	5.891715E-04
1.912591E-02	1.472027E+01	1.257480E+01	5.890331E-04
1.973986E-02	1.263492E+01	1.243129E+01	5.891839E-04
2.037352E-02	1.439711E+01	1.217495E+01	5.899632E-04
2.102752E-02	1.531018E+01	1.207965E+01	5.912647E-04
2.170252E-02	1.494458E+01	1.214859E+01	5.923007E-04
2.239918E-02	1.320538E+01	1.246123E+01	5.926887E-04
2.311821E-02	1.436912E+01	1.278397E+01	5.926041E-04
2.386032E-02	1.306507E+01	1.309167E+01	5.932335E-04
2.462624E-02	1.407295E+01	1.346118E+01	5.950184E-04
2.541676E-02	1.301871E+01	1.410669E+01	5.969109E-04
2.623265E-02	1.503927E+01	1.515539E+01	5.983361E-04
2.707474E-02	1.442684E+01	1.649307E+01	5.990398E-04
2.794385E-02	1.294347E+01	1.813413E+01	6.005771E-04
2.884086E-02	1.034470E+01	1.995475E+01	6.035766E-04
2.976667E-02	6.792259E+00	2.180325E+01	6.085563E-04
3.072220E-02	1.222677E+01	2.548493E+01	6.145840E-04
3.170840E-02	1.213666E+01	3.274384E+01	6.201299E-04
3.272625E-02	2.610566E+00	4.643010E+01	6.261251E-04
3.377679E-02	5.540263E+00	8.232864E+01	6.320394E-04
3.486104E-02	-4.313477E-01	3.167055E+02	6.369476E-04
