# I(Q)
#Q (1/A)        I (1/cm)        dI (1/cm)       dQ (1/A)
1.527077E-03	5.852797E+01	9.358746E+01	5.499705E-04
1.576097E-03	1.883257E+01	3.702864E+01	5.597792E-04
1.626691E-03	1.866785E+01	2.918565E+01	5.703082E-04
1.678909E-03	1.932188E+01	2.541853E+01	5.780378E-04
1.732803E-03	4.134050E+01	2.311847E+01	5.839578E-04
1.788426E-03	2.829981E+01	2.040846E+01	5.814580E-04
1.845836E-03	7.733901E+01	1.981740E+01	5.802211E-04
1.905088E-03	8.963500E+01	1.748002E+01	5.839597E-04
1.966243E-03	9.357259E+01	1.677041E+01	5.869012E-04
2.029360E-03	9.929059E+01	1.425412E+01	5.841741E-04
2.094504E-03	1.232263E+02	1.296619E+01	5.850235E-04
2.161739E-03	1.135616E+02	1.335082E+01	5.851302E-04
2.231132E-03	1.305212E+02	1.303690E+01	5.852877E-04
2.302752E-03	1.311833E+02	1.206359E+01	5.871470E-04
2.376672E-03	1.245804E+02	1.187653E+01	5.852463E-04
2.452964E-03	1.260144E+02	1.068196E+01	5.849188E-04
2.531706E-03	1.186215E+02	1.003583E+01	5.838956E-04
2.612975E-03	1.233459E+02	8.958865E+00	5.846170E-04
2.696853E-03	1.198089E+02	8.541711E+00	5.845034E-04
2.783423E-03	1.125536E+02	8.055098E+00	5.859945E-04
2.872773E-03	1.101970E+02	7.665731E+00	5.867528E-04
2.964990E-03	9.806988E+01	7.110542E+00	5.860614E-04
3.060168E-03	1.047859E+02	6.538748E+00	5.865470E-04
3.158401E-03	9.174777E+01	6.417830E+00	5.864663E-04
3.259788E-03	9.084258E+01	6.028824E+00	5.870813E-04
3.364429E-03	8.729995E+01	5.693555E+00	5.874562E-04
3.472429E-03	7.777029E+01	5.416806E+00	5.874157E-04
3.583896E-03	7.101811E+01	5.222440E+00	5.878893E-04
3.698941E-03	7.568908E+01	5.222280E+00	5.875189E-04
3.817679E-03	6.859079E+01	4.973568E+00	5.877016E-04
3.940229E-03	6.330817E+01	4.740365E+00	5.874319E-04
4.066712E-03	6.077414E+01	4.668254E+00	5.876277E-04
4.197256E-03	5.674693E+01	4.525698E+00	5.874886E-04
4.331990E-03	5.054274E+01	4.266962E+00	5.878019E-04
4.471049E-03	4.966138E+01	4.152048E+00	5.876479E-04
4.614573E-03	4.622291E+01	4.089939E+00	5.875084E-04
4.762703E-03	4.343798E+01	3.904019E+00	5.877751E-04
4.915588E-03	4.192851E+01	3.769835E+00	5.876156E-04
5.073382E-03	3.783541E+01	3.689964E+00	5.875070E-04
5.236240E-03	3.574409E+01	3.492671E+00	5.875915E-04
5.404326E-03	3.683551E+01	3.423329E+00	5.876851E-04
5.577808E-03	3.331210E+01	3.338028E+00	5.876638E-04
5.756859E-03	3.382762E+01	3.193695E+00	5.877184E-04
5.941657E-03	3.231006E+01	3.138382E+00	5.876565E-04
6.132388E-03	2.744476E+01	3.017589E+00	5.874678E-04
6.329241E-03	2.730378E+01	2.943632E+00	5.876999E-04
6.532413E-03	2.567185E+01	2.836131E+00	5.875728E-04
6.742107E-03	2.617976E+01	2.745608E+00	5.877109E-04
6.958532E-03	2.547532E+01	2.679999E+00	5.876718E-04
7.181905E-03	2.386364E+01	2.589226E+00	5.874906E-04
7.412448E-03	2.258529E+01	2.502244E+00	5.877098E-04
7.650392E-03	2.130225E+01	2.432979E+00	5.875590E-04
7.895974E-03	2.058413E+01	2.344457E+00	5.877029E-04
8.149439E-03	2.040488E+01	2.279732E+00	5.876152E-04
8.411041E-03	1.987735E+01	2.193494E+00	5.876450E-04
8.681040E-03	1.851961E+01	2.117790E+00	5.876231E-04
8.959706E-03	1.747716E+01	2.042526E+00	5.876130E-04
9.247318E-03	1.755422E+01	1.975738E+00	5.875645E-04
9.544162E-03	1.684153E+01	1.946933E+00	5.876698E-04
9.850535E-03	1.617724E+01	1.879722E+00	5.877041E-04
1.016674E-02	1.604626E+01	1.821233E+00	5.875673E-04
1.049310E-02	1.528326E+01	1.771688E+00	5.876234E-04
1.082993E-02	1.408429E+01	1.716142E+00	5.876594E-04
1.117758E-02	1.393293E+01	1.660316E+00	5.875923E-04
1.153639E-02	1.344767E+01	1.605915E+00	5.876331E-04
1.190671E-02	1.312469E+01	1.554568E+00	5.876114E-04
1.228893E-02	1.319944E+01	1.511337E+00	5.876606E-04
1.268341E-02	1.140595E+01	1.456109E+00	5.877566E-04
1.309055E-02	1.137297E+01	1.411990E+00	5.879517E-04
1.351076E-02	1.200866E+01	1.371674E+00	5.878666E-04
1.394447E-02	1.111016E+01	1.332171E+00	5.876978E-04
1.439209E-02	1.076874E+01	1.300506E+00	5.875184E-04
1.485409E-02	1.052157E+01	1.259652E+00	5.874214E-04
1.533091E-02	9.793080E+00	1.215187E+00	5.875492E-04
1.582304E-02	1.006457E+01	1.180438E+00	5.874927E-04
1.633097E-02	9.501367E+00	1.139945E+00	5.875701E-04
1.685520E-02	9.316031E+00	1.096761E+00	5.878970E-04
1.739627E-02	9.238723E+00	1.067466E+00	5.884918E-04
1.795470E-02	9.174600E+00	1.042796E+00	5.889240E-04
1.853105E-02	8.840556E+00	1.028847E+00	5.891715E-04
1.912591E-02	8.221031E+00	1.019611E+00	5.890331E-04
1.973986E-02	7.799848E+00	1.008154E+00	5.891839E-04
2.037352E-02	7.410290E+00	9.882589E-01	5.899632E-04
2.102752E-02	7.822314E+00	9.816280E-01	5.912647E-04
2.170252E-02	7.636528E+00	9.877632E-01	5.923007E-04
2.239918E-02	7.543863E+00	1.012965E+00	5.926886E-04
2.311821E-02	6.916758E+00	1.039229E+00	5.926041E-04
2.386031E-02	7.241803E+00	1.065491E+00	5.932335E-04
2.462624E-02	6.912644E+00	1.097576E+00	5.950184E-04
2.541676E-02	6.890933E+00	1.151338E+00	5.969109E-04
2.623265E-02	6.492545E+00	1.237351E+00	5.983361E-04
2.707474E-02	5.946021E+00	1.348708E+00	5.990398E-04
2.794385E-02	5.563097E+00	1.486563E+00	6.005771E-04
2.884086E-02	5.767199E+00	1.642054E+00	6.035766E-04
2.976667E-02	5.346725E+00	1.808683E+00	6.085563E-04
3.072220E-02	5.947109E+00	2.133964E+00	6.145840E-04
3.170840E-02	4.036464E+00	2.760022E+00	6.201299E-04
3.272625E-02	4.573124E+00	3.936844E+00	6.261251E-04
3.377679E-02	5.175976E+00	7.032040E+00	6.320394E-04
3.486104E-02	-1.476097E-01	2.709958E+01	6.369476E-04
