# I(Q)
#Q (1/A)        I (1/cm)        dI (1/cm)       dQ (1/A)
1.527077E-03	-1.192045E+00	3.925471E+02	5.499705E-04
1.576097E-03	5.884405E+01	1.557623E+02	5.597792E-04
1.626691E-03	4.342784E+01	1.207080E+02	5.703082E-04
1.678908E-03	7.690231E+01	1.063895E+02	5.780378E-04
1.732802E-03	4.805606E+01	9.379597E+01	5.839578E-04
1.788426E-03	4.798910E+01	8.459926E+01	5.814580E-04
1.845836E-03	4.187173E+01	8.028275E+01	5.802211E-04
1.905088E-03	4.508098E+01	6.879745E+01	5.839597E-04
1.966242E-03	6.808017E+01	6.529627E+01	5.869012E-04
2.029360E-03	5.360232E+01	5.582928E+01	5.841741E-04
2.094503E-03	8.946317E+01	5.088298E+01	5.850235E-04
2.161738E-03	6.095851E+01	5.112846E+01	5.851302E-04
2.231131E-03	7.234456E+01	5.083916E+01	5.852877E-04
2.302752E-03	5.080246E+01	4.644736E+01	5.871470E-04
2.376671E-03	6.486450E+01	4.625133E+01	5.852463E-04
2.452964E-03	5.681261E+01	4.157228E+01	5.849188E-04
2.531705E-03	8.173593E+01	3.894127E+01	5.838956E-04
2.612974E-03	7.588597E+01	3.440725E+01	5.846170E-04
2.696852E-03	5.888356E+01	3.314397E+01	5.845034E-04
2.783423E-03	6.546650E+01	3.146082E+01	5.859945E-04
2.872772E-03	8.749492E+01	2.998586E+01	5.867528E-04
2.964990E-03	6.206483E+01	2.801336E+01	5.860614E-04
3.060168E-03	6.147568E+01	2.548296E+01	5.865470E-04
3.158401E-03	4.401598E+01	2.532343E+01	5.864663E-04
3.259787E-03	3.943442E+01	2.378786E+01	5.870813E-04
3.364428E-03	5.328465E+01	2.258930E+01	5.874562E-04
3.472428E-03	3.640458E+01	2.150266E+01	5.874157E-04
3.583895E-03	3.934340E+01	2.093238E+01	5.878893E-04
3.698940E-03	3.110007E+01	2.071323E+01	5.875189E-04
3.817678E-03	3.839088E+01	1.992647E+01	5.877016E-04
3.940228E-03	3.146139E+01	1.911414E+01	5.874319E-04
4.066712E-03	2.561689E+01	1.885139E+01	5.876277E-04
4.197255E-03	2.590382E+01	1.829989E+01	5.874886E-04
4.331990E-03	1.757481E+01	1.726204E+01	5.878019E-04
4.471049E-03	1.849574E+01	1.683067E+01	5.876479E-04
4.614572E-03	2.417302E+01	1.666000E+01	5.875084E-04
4.762702E-03	2.099680E+01	1.589387E+01	5.877751E-04
4.915588E-03	1.782950E+01	1.539466E+01	5.876155E-04
5.073381E-03	1.566615E+01	1.507721E+01	5.875070E-04
5.236239E-03	1.863415E+01	1.426901E+01	5.875915E-04
5.404325E-03	1.787241E+01	1.397980E+01	5.876851E-04
5.577807E-03	2.109614E+01	1.367294E+01	5.876638E-04
5.756858E-03	1.658486E+01	1.307174E+01	5.877184E-04
5.941656E-03	1.757278E+01	1.286171E+01	5.876565E-04
6.132387E-03	1.698550E+01	1.236936E+01	5.874678E-04
6.329240E-03	1.748011E+01	1.205901E+01	5.876999E-04
6.532412E-03	1.471200E+01	1.163702E+01	5.875728E-04
6.742106E-03	1.731117E+01	1.126580E+01	5.877109E-04
6.958532E-03	1.769058E+01	1.099958E+01	5.876718E-04
7.181904E-03	1.632768E+01	1.062925E+01	5.874906E-04
7.412448E-03	1.493302E+01	1.026616E+01	5.877098E-04
7.650391E-03	1.702681E+01	9.989786E+00	5.875640E-04
7.895973E-03	1.423580E+01	9.628848E+00	5.876982E-04
8.149438E-03	1.720377E+01	9.358054E+00	5.876152E-04
8.411040E-03	1.620159E+01	9.008408E+00	5.876450E-04
8.681039E-03	1.591416E+01	8.702898E+00	5.876231E-04
8.959705E-03	1.758906E+01	8.394216E+00	5.876130E-04
9.247317E-03	1.565166E+01	8.115836E+00	5.875645E-04
9.544161E-03	1.435010E+01	8.009466E+00	5.876698E-04
9.850534E-03	1.694964E+01	7.727966E+00	5.877041E-04
1.016674E-02	1.553662E+01	7.486681E+00	5.875673E-04
1.049310E-02	1.619112E+01	7.286876E+00	5.876234E-04
1.082993E-02	1.628371E+01	7.061254E+00	5.876594E-04
1.117758E-02	1.646729E+01	6.829012E+00	5.875923E-04
1.153639E-02	1.487062E+01	6.606209E+00	5.876331E-04
1.190671E-02	1.483825E+01	6.395068E+00	5.876114E-04
1.228892E-02	1.485509E+01	6.220057E+00	5.876606E-04
1.268341E-02	1.451916E+01	5.990787E+00	5.877566E-04
1.309055E-02	1.585112E+01	5.809299E+00	5.879517E-04
1.351076E-02	1.471430E+01	5.645147E+00	5.878666E-04
1.394447E-02	1.426397E+01	5.482286E+00	5.876978E-04
1.439209E-02	1.440493E+01	5.353740E+00	5.875184E-04
1.485409E-02	1.472337E+01	5.186434E+00	5.874214E-04
1.533091E-02	1.526424E+01	5.002817E+00	5.875492E-04
1.582304E-02	1.447235E+01	4.860494E+00	5.874927E-04
1.633097E-02	1.507946E+01	4.692734E+00	5.875701E-04
1.685520E-02	1.533235E+01	4.513617E+00	5.878970E-04
1.739627E-02	1.424125E+01	4.391809E+00	5.884918E-04
1.795470E-02	1.455712E+01	4.289072E+00	5.889240E-04
1.853105E-02	1.455698E+01	4.233324E+00	5.891715E-04
1.912591E-02	1.425990E+01	4.195727E+00	5.890331E-04
1.973986E-02	1.348694E+01	4.147801E+00	5.891828E-04
2.037352E-02	1.463030E+01	4.062275E+00	5.899643E-04
2.102752E-02	1.514260E+01	4.030368E+00	5.912647E-04
2.170252E-02	1.445415E+01	4.053362E+00	5.923007E-04
2.239918E-02	1.368797E+01	4.157852E+00	5.926887E-04
2.311821E-02	1.344329E+01	4.265179E+00	5.926041E-04
2.386031E-02	1.423410E+01	4.368134E+00	5.932335E-04
2.462624E-02	1.421732E+01	4.491352E+00	5.950184E-04
2.541676E-02	1.360351E+01	4.706807E+00	5.969109E-04
2.623265E-02	1.380996E+01	5.056648E+00	5.983361E-04
2.707474E-02	1.326590E+01	5.503231E+00	5.990398E-04
2.794385E-02	1.275673E+01	6.050788E+00	6.005771E-04
2.884086E-02	9.992644E+00	6.658138E+00	6.035766E-04
2.976667E-02	9.708935E+00	7.275206E+00	6.085563E-04
3.072220E-02	1.101765E+01	8.504209E+00	6.145840E-04
3.170840E-02	1.143607E+01	1.092570E+01	6.201299E-04
3.272625E-02	7.660066E+00	1.549091E+01	6.261251E-04
3.377679E-02	8.783034E+00	2.746810E+01	6.320394E-04
3.486104E-02	-4.317368E-01	1.056656E+02	6.369476E-04
