# I(Q)
#Q (1/A)        I (1/cm)        dI (1/cm)       dQ (1/A)
1.527077E-03	-1.192611E+00	1.963801E+02	5.499705E-04
1.576097E-03	2.899505E+01	7.792210E+01	5.597792E-04
1.626691E-03	3.692471E+01	6.138602E+01	5.703082E-04
1.678908E-03	7.329466E+01	5.619828E+01	5.780378E-04
1.732802E-03	5.442923E+01	4.769080E+01	5.839578E-04
1.788426E-03	3.736307E+01	4.239782E+01	5.814580E-04
1.845836E-03	4.085732E+01	4.070360E+01	5.802211E-04
1.905088E-03	4.659924E+01	3.481449E+01	5.839597E-04
1.966243E-03	6.025713E+01	3.319715E+01	5.869012E-04
2.029360E-03	4.763972E+01	2.816845E+01	5.841741E-04
2.094504E-03	8.785784E+01	2.612277E+01	5.850235E-04
2.161738E-03	5.389881E+01	2.592892E+01	5.851302E-04
2.231131E-03	7.226937E+01	2.574884E+01	5.852877E-04
2.302752E-03	5.420283E+01	2.346024E+01	5.871470E-04
2.376672E-03	6.725085E+01	2.350809E+01	5.852463E-04
2.452964E-03	5.544219E+01	2.099367E+01	5.849188E-04
2.531706E-03	7.274938E+01	1.987489E+01	5.838956E-04
2.612975E-03	7.968707E+01	1.768254E+01	5.846170E-04
2.696853E-03	5.506869E+01	1.676099E+01	5.845034E-04
2.783423E-03	6.038352E+01	1.600014E+01	5.859945E-04
2.872773E-03	8.384190E+01	1.539250E+01	5.867528E-04
2.964990E-03	6.775195E+01	1.434674E+01	5.860614E-04
3.060168E-03	6.067431E+01	1.293103E+01	5.865470E-04
3.158401E-03	4.554557E+01	1.282325E+01	5.864663E-04
3.259788E-03	3.796735E+01	1.198808E+01	5.870813E-04
3.364429E-03	5.070357E+01	1.146042E+01	5.874562E-04
3.472429E-03	3.926160E+01	1.084698E+01	5.874157E-04
3.583896E-03	4.172829E+01	1.058580E+01	5.878893E-04
3.698941E-03	3.305670E+01	1.040859E+01	5.875189E-04
3.817679E-03	3.880067E+01	1.007261E+01	5.877016E-04
3.940228E-03	3.293032E+01	9.608245E+00	5.874319E-04
4.066712E-03	2.505985E+01	9.453169E+00	5.876277E-04
4.197256E-03	2.617651E+01	9.182272E+00	5.874886E-04
4.331990E-03	2.089170E+01	8.655162E+00	5.878019E-04
4.471049E-03	2.267751E+01	8.444530E+00	5.876479E-04
4.614572E-03	2.292023E+01	8.338257E+00	5.875084E-04
4.762703E-03	2.170563E+01	7.960566E+00	5.877751E-04
4.915588E-03	2.009665E+01	7.704438E+00	5.876156E-04
5.073381E-03	1.839965E+01	7.546703E+00	5.875070E-04
5.236240E-03	1.870369E+01	7.146341E+00	5.875915E-04
5.404326E-03	1.757234E+01	7.003172E+00	5.876852E-04
5.577808E-03	1.822801E+01	6.844348E+00	5.876638E-04
5.756858E-03	1.667071E+01	6.542373E+00	5.877184E-04
5.941657E-03	1.638868E+01	6.437848E+00	5.876565E-04
6.132387E-03	1.768455E+01	6.189871E+00	5.874678E-04
6.329240E-03	1.715662E+01	6.035616E+00	5.876999E-04
6.532413E-03	1.584588E+01	5.824325E+00	5.875728E-04
6.742107E-03	1.714963E+01	5.639861E+00	5.877109E-04
6.958532E-03	1.729946E+01	5.504033E+00	5.876718E-04
7.181905E-03	1.609422E+01	5.319327E+00	5.874906E-04
7.412448E-03	1.543059E+01	5.136791E+00	5.877098E-04
7.650392E-03	1.586931E+01	4.998829E+00	5.875640E-04
7.895974E-03	1.616801E+01	4.817881E+00	5.876982E-04
8.149439E-03	1.596074E+01	4.686243E+00	5.876152E-04
8.411040E-03	1.600421E+01	4.507455E+00	5.876450E-04
8.681039E-03	1.619305E+01	4.355704E+00	5.876231E-04
8.959706E-03	1.649521E+01	4.200740E+00	5.876130E-04
9.247317E-03	1.631844E+01	4.061426E+00	5.875645E-04
9.544161E-03	1.545951E+01	4.007435E+00	5.876698E-04
9.850534E-03	1.653625E+01	3.866946E+00	5.877041E-04
1.016674E-02	1.399502E+01	3.746625E+00	5.875673E-04
1.049310E-02	1.624957E+01	3.646572E+00	5.876234E-04
1.082993E-02	1.535736E+01	3.533183E+00	5.876594E-04
1.117758E-02	1.612075E+01	3.417964E+00	5.875923E-04
1.153639E-02	1.563089E+01	3.306966E+00	5.876331E-04
1.190671E-02	1.491994E+01	3.200519E+00	5.876114E-04
1.228892E-02	1.446112E+01	3.113058E+00	5.876606E-04
1.268341E-02	1.477545E+01	2.997697E+00	5.877566E-04
1.309055E-02	1.554736E+01	2.906845E+00	5.879517E-04
1.351076E-02	1.413795E+01	2.825300E+00	5.878666E-04
1.394447E-02	1.435603E+01	2.743572E+00	5.876979E-04
1.439209E-02	1.475796E+01	2.678959E+00	5.875184E-04
1.485409E-02	1.444145E+01	2.595115E+00	5.874214E-04
1.533091E-02	1.530141E+01	2.503432E+00	5.875492E-04
1.582304E-02	1.444853E+01	2.432169E+00	5.874927E-04
1.633097E-02	1.551131E+01	2.348152E+00	5.875701E-04
1.685520E-02	1.463158E+01	2.258601E+00	5.878970E-04
1.739627E-02	1.426683E+01	2.197760E+00	5.884918E-04
1.795470E-02	1.419136E+01	2.146432E+00	5.889240E-04
1.853105E-02	1.462084E+01	2.118481E+00	5.891715E-04
1.912591E-02	1.494170E+01	2.099795E+00	5.890331E-04
1.973986E-02	1.399572E+01	2.075823E+00	5.891828E-04
2.037352E-02	1.447640E+01	2.032902E+00	5.899643E-04
2.102752E-02	1.481351E+01	2.016839E+00	5.912647E-04
2.170252E-02	1.445596E+01	2.028589E+00	5.923007E-04
2.239918E-02	1.381861E+01	2.080697E+00	5.926887E-04
2.311821E-02	1.378803E+01	2.134530E+00	5.926041E-04
2.386031E-02	1.433813E+01	2.185832E+00	5.932335E-04
2.462624E-02	1.395259E+01	2.247756E+00	5.950184E-04
2.541676E-02	1.305457E+01	2.355469E+00	5.969109E-04
2.623265E-02	1.303907E+01	2.530185E+00	5.983361E-04
2.707474E-02	1.312939E+01	2.753579E+00	5.990398E-04
2.794385E-02	1.284862E+01	3.027777E+00	6.005771E-04
2.884086E-02	1.173590E+01	3.331995E+00	6.035766E-04
2.976667E-02	1.087732E+01	3.640165E+00	6.085563E-04
3.072220E-02	1.099304E+01	4.256171E+00	6.145840E-04
3.170840E-02	1.129082E+01	5.466774E+00	6.201299E-04
3.272625E-02	8.693620E+00	7.749413E+00	6.261251E-04
3.377679E-02	5.126872E+00	1.374110E+01	6.320394E-04
3.486104E-02	-4.319422E-01	5.286045E+01	6.369476E-04
