# I(Q)
#Q (1/A)        I (1/cm)        dI (1/cm)       dQ (1/A)
1.527077E-03	-4.208239E-01	6.920592E+01	5.499705E-04
1.576097E-03	2.632424E+01	2.839486E+01	5.597792E-04
1.626691E-03	2.088056E+01	2.155015E+01	5.703082E-04
1.678909E-03	1.071028E+01	1.913878E+01	5.780378E-04
1.732802E-03	3.106020E+01	1.730710E+01	5.839578E-04
1.788426E-03	2.688772E+01	1.521267E+01	5.814580E-04
1.845836E-03	2.706824E+01	1.452890E+01	5.802211E-04
1.905088E-03	3.200274E+01	1.268545E+01	5.839597E-04
1.966243E-03	3.434636E+01	1.202699E+01	5.869012E-04
2.029360E-03	3.940795E+01	1.021321E+01	5.841742E-04
2.094504E-03	5.528702E+01	9.622181E+00	5.850235E-04
2.161738E-03	3.677399E+01	9.353508E+00	5.851302E-04
2.231132E-03	5.452540E+01	9.428579E+00	5.852877E-04
2.302752E-03	4.571164E+01	8.644833E+00	5.871470E-04
2.376672E-03	3.969332E+01	8.510917E+00	5.852463E-04
2.452964E-03	4.032819E+01	7.670831E+00	5.849189E-04
2.531706E-03	3.748265E+01	7.063594E+00	5.838956E-04
2.612975E-03	4.086017E+01	6.341412E+00	5.846171E-04
2.696853E-03	3.733983E+01	6.114864E+00	5.845034E-04
2.783423E-03	3.952947E+01	5.794991E+00	5.859945E-04
2.872773E-03	4.706532E+01	5.635965E+00	5.867528E-04
2.964990E-03	4.057386E+01	5.177496E+00	5.860614E-04
3.060168E-03	4.099563E+01	4.747032E+00	5.865470E-04
3.158401E-03	3.761660E+01	4.631602E+00	5.864663E-04
3.259788E-03	3.533381E+01	4.388444E+00	5.870813E-04
3.364429E-03	4.150780E+01	4.181198E+00	5.874562E-04
3.472429E-03	3.151126E+01	3.956663E+00	5.874157E-04
3.583896E-03	3.037020E+01	3.825434E+00	5.878893E-04
3.698941E-03	2.668607E+01	3.761322E+00	5.875190E-04
3.817679E-03	2.702794E+01	3.619240E+00	5.877016E-04
3.940229E-03	2.404307E+01	3.440523E+00	5.874319E-04
4.066712E-03	2.216316E+01	3.405442E+00	5.876277E-04
4.197256E-03	1.870051E+01	3.289681E+00	5.874886E-04
4.331990E-03	1.735623E+01	3.111614E+00	5.878019E-04
4.471049E-03	1.660693E+01	3.025543E+00	5.876479E-04
4.614573E-03	1.634814E+01	2.992134E+00	5.875084E-04
4.762703E-03	1.647597E+01	2.862345E+00	5.877752E-04
4.915588E-03	1.503362E+01	2.764710E+00	5.876156E-04
5.073381E-03	1.444556E+01	2.707799E+00	5.875070E-04
5.236240E-03	1.382060E+01	2.566179E+00	5.875915E-04
5.404326E-03	1.331107E+01	2.508970E+00	5.876852E-04
5.577808E-03	1.379194E+01	2.454008E+00	5.876638E-04
5.756859E-03	1.387188E+01	2.348552E+00	5.877184E-04
5.941657E-03	1.141197E+01	2.306096E+00	5.876566E-04
6.132388E-03	1.342384E+01	2.222320E+00	5.874678E-04
6.329241E-03	1.252449E+01	2.165061E+00	5.876999E-04
6.532413E-03	1.214534E+01	2.088698E+00	5.875728E-04
6.742107E-03	1.255012E+01	2.022504E+00	5.877109E-04
6.958532E-03	1.163516E+01	1.971649E+00	5.876718E-04
7.181905E-03	1.192884E+01	1.908186E+00	5.874906E-04
7.412448E-03	1.113265E+01	1.840575E+00	5.877098E-04
7.650392E-03	1.117880E+01	1.791990E+00	5.875590E-04
7.895974E-03	1.150448E+01	1.727722E+00	5.877029E-04
8.149439E-03	1.095291E+01	1.678473E+00	5.876152E-04
8.411041E-03	9.924887E+00	1.615327E+00	5.876450E-04
8.681040E-03	1.038350E+01	1.560903E+00	5.876231E-04
8.959706E-03	1.013714E+01	1.505320E+00	5.876130E-04
9.247318E-03	1.014122E+01	1.455616E+00	5.875645E-04
9.544162E-03	9.000017E+00	1.435156E+00	5.876698E-04
9.850535E-03	8.729675E+00	1.385195E+00	5.877041E-04
1.016674E-02	8.866153E+00	1.342298E+00	5.875673E-04
1.049310E-02	8.585931E+00	1.306099E+00	5.876234E-04
1.082993E-02	8.480264E+00	1.265808E+00	5.876594E-04
1.117758E-02	7.956385E+00	1.223790E+00	5.875923E-04
1.153639E-02	7.847476E+00	1.184189E+00	5.876331E-04
1.190671E-02	8.131173E+00	1.146333E+00	5.876114E-04
1.228893E-02	7.640360E+00	1.114635E+00	5.876606E-04
1.268341E-02	7.096952E+00	1.073755E+00	5.877566E-04
1.309055E-02	6.948333E+00	1.041638E+00	5.879517E-04
1.351076E-02	6.676928E+00	1.011648E+00	5.878666E-04
1.394447E-02	6.428363E+00	9.823004E-01	5.876979E-04
1.439209E-02	6.580305E+00	9.589244E-01	5.875184E-04
1.485409E-02	5.872070E+00	9.289611E-01	5.874214E-04
1.533091E-02	5.979782E+00	8.963429E-01	5.875492E-04
1.582304E-02	5.453841E+00	8.706022E-01	5.874927E-04
1.633097E-02	5.645767E+00	8.407166E-01	5.875701E-04
1.685520E-02	5.612372E+00	8.088661E-01	5.878970E-04
1.739627E-02	5.339956E+00	7.872641E-01	5.884918E-04
1.795470E-02	5.091589E+00	7.688927E-01	5.889240E-04
1.853105E-02	4.995666E+00	7.587795E-01	5.891715E-04
1.912591E-02	5.054500E+00	7.518571E-01	5.890331E-04
1.973986E-02	4.959526E+00	7.435146E-01	5.891828E-04
2.037352E-02	4.985739E+00	7.288204E-01	5.899643E-04
2.102752E-02	4.763014E+00	7.237818E-01	5.912647E-04
2.170252E-02	4.609137E+00	7.282315E-01	5.923007E-04
2.239918E-02	4.390226E+00	7.467542E-01	5.926887E-04
2.311821E-02	4.277053E+00	7.660132E-01	5.926041E-04
2.386032E-02	4.625837E+00	7.853164E-01	5.932335E-04
2.462624E-02	4.595323E+00	8.087195E-01	5.950184E-04
2.541676E-02	4.501446E+00	8.483318E-01	5.969109E-04
2.623265E-02	4.475397E+00	9.116683E-01	5.983361E-04
2.707474E-02	4.495496E+00	9.933762E-01	5.990398E-04
2.794385E-02	4.129110E+00	1.094720E+00	6.005771E-04
2.884086E-02	4.212593E+00	1.208751E+00	6.035766E-04
2.976667E-02	4.266682E+00	1.330003E+00	6.085563E-04
3.072220E-02	4.348775E+00	1.566420E+00	6.145840E-04
3.170840E-02	4.131743E+00	2.023504E+00	6.201299E-04
3.272626E-02	3.697583E+00	2.883544E+00	6.261251E-04
3.377679E-02	1.631805E+00	5.135813E+00	6.320394E-04
3.486104E-02	8.962454E+00	1.981963E+01	6.369476E-04
