# I(Q)
#Q (1/A)        I (1/cm)        dI (1/cm)       dQ (1/A)
1.527077E-03	-4.212323E-01	1.039084E+02	5.499705E-04
1.576097E-03	1.304457E+01	4.074482E+01	5.597792E-04
1.626691E-03	2.293677E+01	3.235567E+01	5.703082E-04
1.678909E-03	9.354448E+00	2.830849E+01	5.780378E-04
1.732802E-03	4.161172E+01	2.579337E+01	5.839578E-04
1.788426E-03	3.776805E+01	2.284091E+01	5.814580E-04
1.845836E-03	3.356647E+01	2.177647E+01	5.802211E-04
1.905088E-03	3.270729E+01	1.879079E+01	5.839597E-04
1.966243E-03	3.079254E+01	1.750216E+01	5.869012E-04
2.029360E-03	3.545305E+01	1.504484E+01	5.841742E-04
2.094504E-03	5.712878E+01	1.416326E+01	5.850235E-04
2.161739E-03	3.711222E+01	1.382622E+01	5.851302E-04
2.231132E-03	5.593390E+01	1.391081E+01	5.852877E-04
2.302752E-03	4.963106E+01	1.274324E+01	5.871470E-04
2.376672E-03	4.035753E+01	1.256841E+01	5.852463E-04
2.452964E-03	3.942219E+01	1.127407E+01	5.849189E-04
2.531706E-03	3.579838E+01	1.046987E+01	5.838956E-04
2.612975E-03	4.426595E+01	9.366005E+00	5.846171E-04
2.696853E-03	3.629341E+01	9.026597E+00	5.845034E-04
2.783423E-03	3.839795E+01	8.538786E+00	5.859945E-04
2.872773E-03	4.902229E+01	8.223901E+00	5.867529E-04
2.964990E-03	4.202722E+01	7.618191E+00	5.860614E-04
3.060168E-03	4.299823E+01	6.991337E+00	5.865470E-04
3.158401E-03	3.532533E+01	6.846861E+00	5.864663E-04
3.259788E-03	3.735326E+01	6.496247E+00	5.870813E-04
3.364429E-03	4.120312E+01	6.162098E+00	5.874562E-04
3.472429E-03	3.182047E+01	5.851002E+00	5.874157E-04
3.583896E-03	2.988390E+01	5.673065E+00	5.878893E-04
3.698941E-03	2.712318E+01	5.611509E+00	5.875190E-04
3.817679E-03	2.717526E+01	5.392666E+00	5.877016E-04
3.940229E-03	2.246436E+01	5.147494E+00	5.874319E-04
4.066712E-03	2.270781E+01	5.083669E+00	5.876277E-04
4.197256E-03	2.030951E+01	4.927965E+00	5.874886E-04
4.331990E-03	1.722598E+01	4.660324E+00	5.878019E-04
4.471049E-03	1.679900E+01	4.531555E+00	5.876479E-04
4.614573E-03	1.674194E+01	4.482730E+00	5.875084E-04
4.762703E-03	1.608342E+01	4.283045E+00	5.877752E-04
4.915588E-03	1.546098E+01	4.142856E+00	5.876156E-04
5.073381E-03	1.424674E+01	4.061052E+00	5.875070E-04
5.236240E-03	1.381451E+01	3.844921E+00	5.875915E-04
5.404326E-03	1.400857E+01	3.763476E+00	5.876852E-04
5.577808E-03	1.419547E+01	3.680650E+00	5.876638E-04
5.756859E-03	1.405626E+01	3.521578E+00	5.877184E-04
5.941657E-03	1.095156E+01	3.459695E+00	5.876566E-04
6.132388E-03	1.349618E+01	3.332818E+00	5.874678E-04
6.329241E-03	1.234179E+01	3.246165E+00	5.876999E-04
6.532413E-03	1.277999E+01	3.133128E+00	5.875728E-04
6.742107E-03	1.254027E+01	3.033481E+00	5.877109E-04
6.958532E-03	1.183253E+01	2.959268E+00	5.876718E-04
7.181905E-03	1.207528E+01	2.862804E+00	5.874906E-04
7.412448E-03	1.090545E+01	2.762161E+00	5.877098E-04
7.650392E-03	1.096029E+01	2.688414E+00	5.875590E-04
7.895974E-03	1.141031E+01	2.591927E+00	5.877029E-04
8.149439E-03	1.051509E+01	2.517657E+00	5.876152E-04
8.411041E-03	1.065495E+01	2.424702E+00	5.876450E-04
8.681040E-03	1.021146E+01	2.341953E+00	5.876231E-04
8.959706E-03	1.013080E+01	2.258633E+00	5.876130E-04
9.247318E-03	1.067601E+01	2.184803E+00	5.875645E-04
9.544162E-03	8.943560E+00	2.153636E+00	5.876698E-04
9.850535E-03	8.535388E+00	2.078469E+00	5.877041E-04
1.016674E-02	8.619324E+00	2.013998E+00	5.875673E-04
1.049310E-02	8.820547E+00	1.960048E+00	5.876234E-04
1.082993E-02	8.363940E+00	1.899540E+00	5.876594E-04
1.117758E-02	7.682741E+00	1.836823E+00	5.875923E-04
1.153639E-02	7.787506E+00	1.777390E+00	5.876331E-04
1.190671E-02	8.325550E+00	1.720273E+00	5.876114E-04
1.228893E-02	7.372418E+00	1.672980E+00	5.876606E-04
1.268341E-02	6.847383E+00	1.611769E+00	5.877566E-04
1.309055E-02	7.155519E+00	1.563332E+00	5.879517E-04
1.351076E-02	6.811560E+00	1.518373E+00	5.878666E-04
1.394447E-02	6.778504E+00	1.474493E+00	5.876979E-04
1.439209E-02	6.604175E+00	1.439286E+00	5.875184E-04
1.485409E-02	5.985619E+00	1.394380E+00	5.874214E-04
1.533091E-02	6.031374E+00	1.345372E+00	5.875492E-04
1.582304E-02	5.444417E+00	1.306864E+00	5.874927E-04
1.633097E-02	5.692772E+00	1.261817E+00	5.875701E-04
1.685520E-02	5.745772E+00	1.214283E+00	5.878970E-04
1.739627E-02	5.131914E+00	1.181781E+00	5.884918E-04
1.795470E-02	5.196643E+00	1.154231E+00	5.889240E-04
1.853105E-02	5.176689E+00	1.139074E+00	5.891715E-04
1.912591E-02	5.082871E+00	1.128676E+00	5.890331E-04
1.973986E-02	4.990536E+00	1.116137E+00	5.891828E-04
2.037352E-02	5.022388E+00	1.094000E+00	5.899643E-04
2.102752E-02	4.735717E+00	1.086465E+00	5.912647E-04
2.170252E-02	4.703349E+00	1.093154E+00	5.923007E-04
2.239918E-02	4.420262E+00	1.121029E+00	5.926887E-04
2.311821E-02	4.366131E+00	1.149978E+00	5.926041E-04
2.386032E-02	4.627811E+00	1.178939E+00	5.932335E-04
2.462624E-02	4.447544E+00	1.213980E+00	5.950184E-04
2.541676E-02	4.734799E+00	1.273536E+00	5.969109E-04
2.623265E-02	4.464761E+00	1.368565E+00	5.983361E-04
2.707474E-02	4.369107E+00	1.491336E+00	5.990398E-04
2.794385E-02	4.270949E+00	1.643275E+00	6.005771E-04
2.884086E-02	4.396484E+00	1.814014E+00	6.035766E-04
2.976667E-02	4.102432E+00	1.996663E+00	6.085563E-04
3.072220E-02	4.273445E+00	2.350889E+00	6.145840E-04
3.170840E-02	4.042183E+00	3.037081E+00	6.201299E-04
3.272626E-02	2.930694E+00	4.329394E+00	6.261251E-04
3.377679E-02	7.085607E-01	7.710968E+00	6.320394E-04
3.486104E-02	1.353779E+01	2.975723E+01	6.369476E-04
