# I(Q)
#Q (1/A)        I (1/cm)        dI (1/cm)       dQ (1/A)
1.527077E-03	-4.206644E-01	3.773783E+01	5.499705E-04
1.576097E-03	3.713931E+01	1.675396E+01	5.597792E-04
1.626691E-03	2.284368E+01	1.244047E+01	5.703082E-04
1.678909E-03	1.773897E+01	1.089937E+01	5.780378E-04
1.732803E-03	2.786348E+01	9.739839E+00	5.839578E-04
1.788427E-03	2.625262E+01	8.620816E+00	5.814580E-04
1.845836E-03	3.219452E+01	8.332387E+00	5.802211E-04
1.905088E-03	3.686544E+01	7.215566E+00	5.839597E-04
1.966243E-03	3.018306E+01	6.738866E+00	5.869012E-04
2.029360E-03	3.924697E+01	5.779109E+00	5.841742E-04
2.094504E-03	5.626191E+01	5.679057E+00	5.850235E-04
2.161739E-03	3.819072E+01	5.321050E+00	5.851302E-04
2.231132E-03	5.030610E+01	5.392537E+00	5.852877E-04
2.302752E-03	4.544967E+01	4.981400E+00	5.871470E-04
2.376672E-03	4.460355E+01	4.914022E+00	5.852463E-04
2.452964E-03	3.856331E+01	4.336382E+00	5.849189E-04
2.531706E-03	4.134486E+01	4.080898E+00	5.838956E-04
2.612975E-03	4.203168E+01	3.672382E+00	5.846171E-04
2.696853E-03	3.716617E+01	3.479613E+00	5.845034E-04
2.783423E-03	4.172863E+01	3.313469E+00	5.859945E-04
2.872773E-03	4.768980E+01	3.295725E+00	5.867529E-04
2.964991E-03	4.169873E+01	2.986312E+00	5.860614E-04
3.060168E-03	3.936520E+01	2.720771E+00	5.865470E-04
3.158402E-03	3.630264E+01	2.647814E+00	5.864663E-04
3.259788E-03	3.355621E+01	2.473864E+00	5.870813E-04
3.364429E-03	4.118224E+01	2.416256E+00	5.874562E-04
3.472429E-03	3.149997E+01	2.237937E+00	5.874157E-04
3.583896E-03	2.996579E+01	2.152858E+00	5.878893E-04
3.698941E-03	2.718790E+01	2.110087E+00	5.875190E-04
3.817679E-03	2.680598E+01	2.033757E+00	5.877016E-04
3.940229E-03	2.465452E+01	1.925007E+00	5.874319E-04
4.066712E-03	2.155087E+01	1.887161E+00	5.876277E-04
4.197256E-03	1.986210E+01	1.817892E+00	5.874886E-04
4.331990E-03	1.744116E+01	1.717742E+00	5.878019E-04
4.471050E-03	1.638283E+01	1.661592E+00	5.876479E-04
4.614573E-03	1.614705E+01	1.644373E+00	5.875084E-04
4.762703E-03	1.614672E+01	1.575351E+00	5.877752E-04
4.915589E-03	1.497810E+01	1.518551E+00	5.876156E-04
5.073382E-03	1.435733E+01	1.484696E+00	5.875070E-04
5.236240E-03	1.414066E+01	1.408000E+00	5.875915E-04
5.404326E-03	1.372704E+01	1.375956E+00	5.876852E-04
5.577808E-03	1.353668E+01	1.346136E+00	5.876638E-04
5.756859E-03	1.366781E+01	1.288068E+00	5.877184E-04
5.941657E-03	1.229764E+01	1.262307E+00	5.876566E-04
6.132388E-03	1.297716E+01	1.217838E+00	5.874678E-04
6.329241E-03	1.207610E+01	1.185409E+00	5.876999E-04
6.532413E-03	1.183545E+01	1.142856E+00	5.875728E-04
6.742107E-03	1.298216E+01	1.107938E+00	5.877109E-04
6.958533E-03	1.110474E+01	1.078926E+00	5.876718E-04
7.181905E-03	1.129444E+01	1.044521E+00	5.874906E-04
7.412449E-03	1.106808E+01	1.007323E+00	5.877098E-04
7.650392E-03	1.119585E+01	9.807429E-01	5.875590E-04
7.895974E-03	1.119737E+01	9.448367E-01	5.877029E-04
8.149439E-03	1.065962E+01	9.181862E-01	5.876152E-04
8.411041E-03	1.029313E+01	8.835853E-01	5.876450E-04
8.681040E-03	1.050280E+01	8.538012E-01	5.876231E-04
8.959706E-03	1.003028E+01	8.227701E-01	5.876130E-04
9.247318E-03	9.824431E+00	7.960176E-01	5.875645E-04
9.544162E-03	9.130666E+00	7.844911E-01	5.876698E-04
9.850535E-03	8.957371E+00	7.571690E-01	5.877041E-04
1.016674E-02	8.824668E+00	7.334810E-01	5.875673E-04
1.049310E-02	8.555602E+00	7.139070E-01	5.876234E-04
1.082994E-02	8.700595E+00	6.920150E-01	5.876594E-04
1.117758E-02	8.224925E+00	6.685462E-01	5.875923E-04
1.153639E-02	7.772258E+00	6.469220E-01	5.876331E-04
1.190671E-02	7.850659E+00	6.259557E-01	5.876114E-04
1.228893E-02	7.366401E+00	6.086979E-01	5.876606E-04
1.268341E-02	7.194768E+00	5.863395E-01	5.877566E-04
1.309055E-02	6.755821E+00	5.687639E-01	5.879517E-04
1.351077E-02	6.690548E+00	5.523200E-01	5.878666E-04
1.394447E-02	6.378430E+00	5.362063E-01	5.876979E-04
1.439209E-02	6.281187E+00	5.235336E-01	5.875184E-04
1.485409E-02	5.782434E+00	5.070361E-01	5.874214E-04
1.533091E-02	6.002544E+00	4.893322E-01	5.875492E-04
1.582304E-02	5.433842E+00	4.750512E-01	5.874927E-04
1.633097E-02	5.545326E+00	4.589232E-01	5.875701E-04
1.685520E-02	5.528315E+00	4.414938E-01	5.878970E-04
1.739627E-02	5.337405E+00	4.296885E-01	5.884918E-04
1.795470E-02	4.956467E+00	4.196006E-01	5.889240E-04
1.853105E-02	5.032887E+00	4.140885E-01	5.891715E-04
1.912591E-02	4.963275E+00	4.102757E-01	5.890331E-04
1.973986E-02	4.905722E+00	4.058013E-01	5.891839E-04
2.037352E-02	4.901519E+00	3.977233E-01	5.899632E-04
2.102752E-02	4.673409E+00	3.949595E-01	5.912647E-04
2.170252E-02	4.568238E+00	3.974551E-01	5.923007E-04
2.239918E-02	4.530194E+00	4.074819E-01	5.926887E-04
2.311821E-02	4.471102E+00	4.180089E-01	5.926041E-04
2.386032E-02	4.673606E+00	4.285325E-01	5.932335E-04
2.462624E-02	4.532168E+00	4.412690E-01	5.950184E-04
2.541676E-02	4.572682E+00	4.629363E-01	5.969109E-04
2.623265E-02	4.505651E+00	4.975649E-01	5.983361E-04
2.707474E-02	4.267411E+00	5.421708E-01	5.990398E-04
2.794385E-02	4.169582E+00	5.973439E-01	6.005771E-04
2.884086E-02	4.234252E+00	6.594983E-01	6.035766E-04
2.976667E-02	4.137050E+00	7.259731E-01	6.085563E-04
3.072220E-02	4.198116E+00	8.556279E-01	6.145840E-04
3.170840E-02	3.630876E+00	1.104304E+00	6.201299E-04
3.272626E-02	3.809656E+00	1.573644E+00	6.261251E-04
3.377679E-02	2.529708E+00	2.800640E+00	6.320394E-04
3.486104E-02	9.903907E+00	1.080837E+01	6.369476E-04
