# I(Q)
#Q (1/A)        I (1/cm)        dI (1/cm)       dQ (1/A)
1.196660E-02	8.848008E+00	1.506209E+00	2.419528E-03
1.241510E-02	7.704512E+00	7.130629E-01	2.462364E-03
1.288041E-02	6.935649E+00	4.152365E-01	2.484888E-03
1.336317E-02	6.783151E+00	3.123452E-01	2.529808E-03
1.386402E-02	6.679992E+00	2.649179E-01	2.578391E-03
1.438364E-02	6.227128E+00	2.169777E-01	2.601900E-03
1.492273E-02	6.084328E+00	1.853299E-01	2.624557E-03
1.548203E-02	5.456427E+00	1.530796E-01	2.655665E-03
1.606229E-02	5.597790E+00	1.361054E-01	2.686148E-03
1.666430E-02	5.211519E+00	1.132109E-01	2.717214E-03
1.728887E-02	5.035484E+00	1.028850E-01	2.738747E-03
1.793686E-02	4.885871E+00	9.158522E-02	2.761387E-03
1.860912E-02	4.815577E+00	8.421608E-02	2.787696E-03
1.930659E-02	4.416842E+00	7.448118E-02	2.831903E-03
2.003019E-02	4.287579E+00	6.733444E-02	2.849944E-03
2.078092E-02	4.349329E+00	6.192334E-02	2.890286E-03
2.155978E-02	4.165425E+00	5.802317E-02	2.894293E-03
2.236784E-02	4.154401E+00	5.278932E-02	2.927347E-03
2.320618E-02	4.003498E+00	4.861564E-02	2.955797E-03
2.407594E-02	3.930853E+00	4.530021E-02	2.974718E-03
2.497830E-02	3.876234E+00	4.296630E-02	2.991786E-03
2.591448E-02	3.764424E+00	3.950739E-02	3.032310E-03
2.688574E-02	3.727179E+00	3.726419E-02	3.039227E-03
2.789341E-02	3.697183E+00	3.513334E-02	3.061026E-03
2.893885E-02	3.695331E+00	3.417028E-02	3.066873E-03
3.002347E-02	3.686995E+00	3.174434E-02	3.094956E-03
3.114874E-02	3.625314E+00	3.034199E-02	3.104839E-03
3.231618E-02	3.627857E+00	2.913846E-02	3.117374E-03
3.352739E-02	3.602718E+00	2.763221E-02	3.121583E-03
3.478398E-02	3.634998E+00	2.680276E-02	3.126903E-03
3.608768E-02	3.586833E+00	2.543814E-02	3.141403E-03
3.744023E-02	3.521082E+00	2.421403E-02	3.149515E-03
3.884348E-02	3.543592E+00	2.334602E-02	3.156741E-03
4.029932E-02	3.493787E+00	2.235951E-02	3.159325E-03
4.180973E-02	3.493866E+00	2.141745E-02	3.168163E-03
4.337674E-02	3.485466E+00	2.059638E-02	3.167006E-03
4.500249E-02	3.451097E+00	1.985846E-02	3.182662E-03
4.668917E-02	3.378056E+00	1.881143E-02	3.180438E-03
4.843907E-02	3.372716E+00	1.805232E-02	3.187361E-03
5.025455E-02	3.401990E+00	1.762126E-02	3.187186E-03
5.213808E-02	3.338527E+00	1.686651E-02	3.184586E-03
5.409220E-02	3.297009E+00	1.593242E-02	3.198346E-03
5.611955E-02	3.283064E+00	1.550094E-02	3.201704E-03
5.822290E-02	3.255850E+00	1.477748E-02	3.205390E-03
6.040508E-02	3.217202E+00	1.420794E-02	3.208166E-03
6.266904E-02	3.219372E+00	1.375410E-02	3.206398E-03
6.501786E-02	3.148545E+00	1.301247E-02	3.210915E-03
6.745471E-02	3.088119E+00	1.229657E-02	3.227172E-03
6.998289E-02	3.062419E+00	1.196239E-02	3.227898E-03
7.260583E-02	3.017705E+00	1.140735E-02	3.232192E-03
7.532707E-02	2.957900E+00	1.090012E-02	3.236666E-03
7.815031E-02	2.916078E+00	1.041013E-02	3.246479E-03
8.107936E-02	2.858373E+00	9.948714E-03	3.253840E-03
8.411819E-02	2.816144E+00	9.529123E-03	3.262115E-03
8.727091E-02	2.761257E+00	9.103692E-03	3.270896E-03
9.054180E-02	2.703473E+00	8.674452E-03	3.278675E-03
9.393528E-02	2.622694E+00	8.235699E-03	3.288764E-03
9.745595E-02	2.564848E+00	7.854768E-03	3.301114E-03
1.011086E-01	2.482856E+00	7.446483E-03	3.313043E-03
1.048981E-01	2.423467E+00	7.121712E-03	3.323554E-03
1.088296E-01	2.356248E+00	6.755392E-03	3.339744E-03
1.129085E-01	2.280448E+00	6.420326E-03	3.348656E-03
1.171403E-01	2.221492E+00	6.108836E-03	3.364004E-03
1.215307E-01	2.153522E+00	5.803749E-03	3.380786E-03
1.260856E-01	2.077302E+00	5.508615E-03	3.404032E-03
1.308113E-01	2.013288E+00	5.248789E-03	3.429066E-03
1.357141E-01	1.947797E+00	5.000839E-03	3.466597E-03
1.408006E-01	1.888536E+00	4.787726E-03	3.498091E-03
1.460777E-01	1.821933E+00	4.585872E-03	3.540600E-03
1.515527E-01	1.750960E+00	4.381918E-03	3.590970E-03
1.572328E-01	1.692945E+00	4.211996E-03	3.650519E-03
1.631259E-01	1.639860E+00	4.070654E-03	3.712435E-03
1.692398E-01	1.584767E+00	3.932969E-03	3.793634E-03
1.755829E-01	1.528434E+00	3.815007E-03	3.885064E-03
1.821636E-01	1.485010E+00	3.734076E-03	3.987130E-03
1.889911E-01	1.425937E+00	3.619460E-03	4.096552E-03
1.960744E-01	1.374538E+00	3.545837E-03	4.225014E-03
2.034232E-01	1.322344E+00	3.454706E-03	4.368407E-03
2.110475E-01	1.268460E+00	3.377913E-03	4.526744E-03
2.189575E-01	1.220616E+00	3.316015E-03	4.693690E-03
2.271639E-01	1.178006E+00	3.275432E-03	4.863765E-03
2.356780E-01	1.123247E+00	3.230141E-03	5.044901E-03
2.445111E-01	1.077589E+00	3.205753E-03	5.228137E-03
2.536753E-01	1.030883E+00	3.210189E-03	5.414022E-03
2.631830E-01	9.956235E-01	3.248055E-03	5.603321E-03
2.730470E-01	9.540892E-01	3.272321E-03	5.800277E-03
2.832807E-01	9.127450E-01	3.340732E-03	6.005469E-03
2.938980E-01	8.802482E-01	3.449647E-03	6.216086E-03
3.049132E-01	8.502713E-01	3.609080E-03	6.427081E-03
3.163413E-01	8.215055E-01	3.838552E-03	6.643063E-03
3.281976E-01	7.999708E-01	4.148877E-03	6.866141E-03
3.404984E-01	7.736298E-01	4.537771E-03	7.101675E-03
3.532602E-01	7.674234E-01	5.167046E-03	7.334893E-03
3.665003E-01	7.394334E-01	5.954423E-03	7.568085E-03
3.802366E-01	7.235659E-01	7.124138E-03	7.825736E-03
3.944877E-01	7.062796E-01	8.659452E-03	8.100886E-03
4.092730E-01	6.937084E-01	1.136775E-02	8.386996E-03
4.246124E-01	6.747246E-01	1.656345E-02	8.660500E-03
4.405268E-01	6.485139E-01	2.878025E-02	8.943463E-03
4.570376E-01	6.306981E-01	8.192411E-02	9.169755E-03
