# I(Q)
#Q (1/A)        I (1/cm)        dI (1/cm)       dQ (1/A)
1.527077E-03	1.176348E+01	6.891008E+01	5.499705E-04
1.576097E-03	7.695725E+01	3.076090E+01	5.597792E-04
1.626691E-03	1.912381E+01	2.166783E+01	5.703082E-04
1.678909E-03	1.971042E+01	1.920709E+01	5.780378E-04
1.732803E-03	3.335833E+01	1.723310E+01	5.839578E-04
1.788427E-03	4.920521E+01	1.580114E+01	5.814580E-04
1.845836E-03	4.953511E+01	1.500886E+01	5.802211E-04
1.905088E-03	5.822658E+01	1.337147E+01	5.839597E-04
1.966243E-03	5.030759E+01	1.227356E+01	5.869012E-04
2.029360E-03	5.703202E+01	1.030466E+01	5.841741E-04
2.094504E-03	5.737860E+01	9.661925E+00	5.850235E-04
2.161739E-03	4.664484E+01	9.366070E+00	5.851302E-04
2.231132E-03	4.453945E+01	9.221442E+00	5.852877E-04
2.302752E-03	4.952465E+01	8.628417E+00	5.871470E-04
2.376672E-03	4.987880E+01	8.648703E+00	5.852463E-04
2.452964E-03	5.618590E+01	8.001059E+00	5.849188E-04
2.531706E-03	5.354438E+01	7.283432E+00	5.838956E-04
2.612975E-03	6.144813E+01	6.594438E+00	5.846170E-04
2.696853E-03	5.690818E+01	6.299513E+00	5.845034E-04
2.783423E-03	5.663835E+01	5.987764E+00	5.859945E-04
2.872773E-03	5.737444E+01	5.776619E+00	5.867528E-04
2.964991E-03	5.306586E+01	5.329557E+00	5.860614E-04
3.060168E-03	5.095487E+01	4.850266E+00	5.865470E-04
3.158401E-03	4.020352E+01	4.686034E+00	5.864663E-04
3.259788E-03	3.765695E+01	4.368366E+00	5.870813E-04
3.364429E-03	4.400443E+01	4.206976E+00	5.874562E-04
3.472429E-03	3.349396E+01	3.932514E+00	5.874157E-04
3.583896E-03	3.129145E+01	3.814478E+00	5.878893E-04
3.698941E-03	2.748720E+01	3.743565E+00	5.875189E-04
3.817679E-03	2.925205E+01	3.643926E+00	5.877016E-04
3.940229E-03	2.678280E+01	3.439215E+00	5.874319E-04
4.066712E-03	2.324798E+01	3.373954E+00	5.876277E-04
4.197256E-03	1.995329E+01	3.262251E+00	5.874886E-04
4.331990E-03	1.946267E+01	3.080756E+00	5.878019E-04
4.471050E-03	1.761824E+01	3.002419E+00	5.876479E-04
4.614573E-03	1.469381E+01	2.958352E+00	5.875084E-04
4.762703E-03	1.543112E+01	2.824847E+00	5.877751E-04
4.915588E-03	1.759401E+01	2.737725E+00	5.876156E-04
5.073382E-03	1.500461E+01	2.674550E+00	5.875070E-04
5.236240E-03	1.485560E+01	2.534445E+00	5.875915E-04
5.404326E-03	1.332181E+01	2.476490E+00	5.876852E-04
5.577808E-03	1.296483E+01	2.423565E+00	5.876638E-04
5.756859E-03	1.303175E+01	2.318169E+00	5.877184E-04
5.941657E-03	1.365620E+01	2.279212E+00	5.876565E-04
6.132388E-03	1.105156E+01	2.191107E+00	5.874678E-04
6.329241E-03	1.165708E+01	2.135400E+00	5.876999E-04
6.532413E-03	1.253626E+01	2.062129E+00	5.875728E-04
6.742107E-03	1.088105E+01	1.995512E+00	5.877109E-04
6.958533E-03	1.112568E+01	1.946887E+00	5.876718E-04
7.181905E-03	1.182676E+01	1.880811E+00	5.874906E-04
7.412448E-03	1.142624E+01	1.817805E+00	5.877098E-04
7.650392E-03	1.101030E+01	1.767662E+00	5.875590E-04
7.895974E-03	1.107579E+01	1.704289E+00	5.877029E-04
8.149439E-03	1.059147E+01	1.655939E+00	5.876152E-04
8.411041E-03	1.016342E+01	1.594458E+00	5.876450E-04
8.681040E-03	1.046228E+01	1.540221E+00	5.876231E-04
8.959706E-03	1.084327E+01	1.485668E+00	5.876130E-04
9.247318E-03	1.065145E+01	1.436206E+00	5.875645E-04
9.544162E-03	1.047007E+01	1.417692E+00	5.876698E-04
9.850535E-03	1.026635E+01	1.367609E+00	5.877041E-04
1.016674E-02	1.027968E+01	1.324942E+00	5.875673E-04
1.049310E-02	9.986386E+00	1.289117E+00	5.876234E-04
1.082993E-02	1.042420E+01	1.249871E+00	5.876594E-04
1.117758E-02	9.320878E+00	1.207822E+00	5.875923E-04
1.153639E-02	9.830430E+00	1.168704E+00	5.876331E-04
1.190671E-02	9.891011E+00	1.131534E+00	5.876114E-04
1.228893E-02	1.031621E+01	1.100394E+00	5.876606E-04
1.268341E-02	1.012119E+01	1.059995E+00	5.877566E-04
1.309055E-02	9.482394E+00	1.027740E+00	5.879517E-04
1.351076E-02	9.403716E+00	9.987626E-01	5.878666E-04
1.394447E-02	9.377136E+00	9.698670E-01	5.876979E-04
1.439209E-02	9.465477E+00	9.468501E-01	5.875184E-04
1.485409E-02	9.525160E+00	9.170817E-01	5.874214E-04
1.533091E-02	9.858021E+00	8.848400E-01	5.875492E-04
1.582304E-02	9.176173E+00	8.594421E-01	5.874927E-04
1.633097E-02	9.342928E+00	8.300263E-01	5.875701E-04
1.685520E-02	9.444590E+00	7.985440E-01	5.878970E-04
1.739627E-02	9.198802E+00	7.772547E-01	5.884918E-04
1.795470E-02	9.189394E+00	7.587874E-01	5.889240E-04
1.853105E-02	9.467481E+00	7.488537E-01	5.891715E-04
1.912591E-02	9.281167E+00	7.422514E-01	5.890331E-04
1.973986E-02	9.043600E+00	7.338679E-01	5.891839E-04
2.037352E-02	9.210226E+00	7.189375E-01	5.899632E-04
2.102752E-02	8.663122E+00	7.134460E-01	5.912647E-04
2.170252E-02	8.457962E+00	7.174864E-01	5.923007E-04
2.239918E-02	8.872518E+00	7.362964E-01	5.926887E-04
2.311821E-02	8.353216E+00	7.551397E-01	5.926041E-04
2.386032E-02	8.663999E+00	7.736808E-01	5.932335E-04
2.462624E-02	9.006981E+00	7.962253E-01	5.950184E-04
2.541676E-02	8.258169E+00	8.347058E-01	5.969109E-04
2.623265E-02	8.042906E+00	8.966726E-01	5.983361E-04
2.707474E-02	8.345793E+00	9.763928E-01	5.990398E-04
2.794385E-02	7.480672E+00	1.074206E+00	6.005771E-04
2.884086E-02	8.176938E+00	1.184187E+00	6.035766E-04
2.976667E-02	7.217500E+00	1.298010E+00	6.085563E-04
3.072220E-02	6.625101E+00	1.520984E+00	6.145840E-04
3.170840E-02	5.908633E+00	1.959656E+00	6.201299E-04
3.272625E-02	4.626761E+00	2.780572E+00	6.261251E-04
3.377679E-02	5.319634E+00	4.937787E+00	6.320394E-04
3.486104E-02	4.752059E+00	1.901978E+01	6.369476E-04
