# I(Q)
#Q (1/A)        I (1/cm)        dI (1/cm)       dQ (1/A)
1.196660E-02	8.024746E+00	1.385632E+00	2.419528E-03
1.241510E-02	5.496283E+00	5.653409E-01	2.462364E-03
1.288042E-02	5.877300E+00	3.672771E-01	2.484889E-03
1.336317E-02	5.848263E+00	2.775496E-01	2.529808E-03
1.386402E-02	5.880827E+00	2.347172E-01	2.578391E-03
1.438364E-02	6.350244E+00	2.039968E-01	2.601900E-03
1.492273E-02	6.594765E+00	1.801504E-01	2.624557E-03
1.548203E-02	6.401485E+00	1.535985E-01	2.655665E-03
1.606229E-02	6.425521E+00	1.367742E-01	2.686148E-03
1.666430E-02	6.717599E+00	1.196221E-01	2.717214E-03
1.728887E-02	6.733784E+00	1.117353E-01	2.738747E-03
1.793686E-02	6.811273E+00	1.015368E-01	2.761387E-03
1.860912E-02	6.694735E+00	9.193496E-02	2.787696E-03
1.930659E-02	6.782832E+00	8.512082E-02	2.831903E-03
2.003019E-02	6.762763E+00	7.827737E-02	2.849944E-03
2.078092E-02	6.797439E+00	7.173377E-02	2.890286E-03
2.155978E-02	6.737252E+00	6.827995E-02	2.894293E-03
2.236784E-02	6.749065E+00	6.178066E-02	2.927347E-03
2.320618E-02	6.725142E+00	5.818094E-02	2.955797E-03
2.407594E-02	6.681447E+00	5.449569E-02	2.974718E-03
2.497830E-02	6.741088E+00	5.206492E-02	2.991786E-03
2.591448E-02	6.657327E+00	4.822457E-02	3.032310E-03
2.688574E-02	6.664137E+00	4.576582E-02	3.039227E-03
2.789341E-02	6.649570E+00	4.336774E-02	3.061026E-03
2.893885E-02	6.661714E+00	4.187446E-02	3.066873E-03
3.002347E-02	6.720366E+00	3.920801E-02	3.094956E-03
3.114874E-02	6.713735E+00	3.802936E-02	3.104839E-03
3.231619E-02	6.614623E+00	3.600842E-02	3.117374E-03
3.352739E-02	6.677555E+00	3.447800E-02	3.121583E-03
3.478398E-02	6.679419E+00	3.333422E-02	3.126903E-03
3.608768E-02	6.638762E+00	3.160313E-02	3.141403E-03
3.744023E-02	6.657404E+00	3.047657E-02	3.149515E-03
3.884348E-02	6.685986E+00	2.932992E-02	3.156741E-03
4.029932E-02	6.667642E+00	2.826540E-02	3.159325E-03
4.180973E-02	6.632843E+00	2.693150E-02	3.168163E-03
4.337674E-02	6.648568E+00	2.597258E-02	3.167006E-03
4.500249E-02	6.684166E+00	2.523861E-02	3.182662E-03
4.668917E-02	6.661079E+00	2.421874E-02	3.180438E-03
4.843907E-02	6.691945E+00	2.326399E-02	3.187361E-03
5.025455E-02	6.637848E+00	2.247465E-02	3.187186E-03
5.213808E-02	6.683606E+00	2.174423E-02	3.184586E-03
5.409220E-02	6.704634E+00	2.084979E-02	3.198346E-03
5.611956E-02	6.645441E+00	2.016299E-02	3.201703E-03
5.822290E-02	6.702394E+00	1.940289E-02	3.205390E-03
6.040508E-02	6.724590E+00	1.883650E-02	3.208166E-03
6.266904E-02	6.713528E+00	1.815085E-02	3.206398E-03
6.501786E-02	6.701557E+00	1.740424E-02	3.210915E-03
6.745471E-02	6.684158E+00	1.656122E-02	3.227172E-03
6.998289E-02	6.719562E+00	1.624308E-02	3.227898E-03
7.260583E-02	6.708373E+00	1.555841E-02	3.232192E-03
7.532707E-02	6.715698E+00	1.503934E-02	3.236666E-03
7.815031E-02	6.704667E+00	1.444576E-02	3.246479E-03
8.107936E-02	6.725172E+00	1.398035E-02	3.253840E-03
8.411819E-02	6.738075E+00	1.347254E-02	3.262115E-03
8.727091E-02	6.715439E+00	1.298747E-02	3.270896E-03
9.054180E-02	6.714382E+00	1.250227E-02	3.278675E-03
9.393528E-02	6.715280E+00	1.206367E-02	3.288764E-03
9.745595E-02	6.719328E+00	1.163770E-02	3.301114E-03
1.011086E-01	6.696356E+00	1.119192E-02	3.313043E-03
1.048981E-01	6.727981E+00	1.084227E-02	3.323554E-03
1.088296E-01	6.702110E+00	1.040466E-02	3.339744E-03
1.129085E-01	6.701082E+00	1.005268E-02	3.348656E-03
1.171403E-01	6.674266E+00	9.662546E-03	3.364004E-03
1.215307E-01	6.705232E+00	9.354226E-03	3.380786E-03
1.260856E-01	6.695441E+00	9.027366E-03	3.404032E-03
1.308113E-01	6.740824E+00	8.757531E-03	3.429066E-03
1.357141E-01	6.747340E+00	8.476711E-03	3.466597E-03
1.408006E-01	6.765958E+00	8.247818E-03	3.498091E-03
1.460777E-01	6.772360E+00	8.029812E-03	3.540600E-03
1.515527E-01	6.793385E+00	7.820033E-03	3.590970E-03
1.572328E-01	6.792472E+00	7.651980E-03	3.650519E-03
1.631259E-01	6.808269E+00	7.501782E-03	3.712435E-03
1.692398E-01	6.814391E+00	7.364849E-03	3.793634E-03
1.755829E-01	6.838635E+00	7.279061E-03	3.885064E-03
1.821636E-01	6.831658E+00	7.220186E-03	3.987130E-03
1.889911E-01	6.818615E+00	7.127786E-03	4.096552E-03
1.960744E-01	6.786645E+00	7.093329E-03	4.225014E-03
2.034232E-01	6.744173E+00	7.018508E-03	4.368407E-03
2.110475E-01	6.690263E+00	6.973580E-03	4.526744E-03
2.189575E-01	6.615760E+00	6.938792E-03	4.693690E-03
2.271639E-01	6.523973E+00	6.916961E-03	4.863765E-03
2.356780E-01	6.412592E+00	6.910733E-03	5.044901E-03
2.445111E-01	6.268455E+00	6.887329E-03	5.228137E-03
2.536753E-01	6.146540E+00	6.957168E-03	5.414022E-03
2.631830E-01	6.023547E+00	7.062824E-03	5.603321E-03
2.730470E-01	5.912755E+00	7.179074E-03	5.800277E-03
2.832807E-01	5.777777E+00	7.388553E-03	6.005469E-03
2.938980E-01	5.683988E+00	7.669001E-03	6.216086E-03
3.049132E-01	5.583652E+00	8.072327E-03	6.427081E-03
3.163413E-01	5.513418E+00	8.664198E-03	6.643063E-03
3.281976E-01	5.437365E+00	9.395995E-03	6.866141E-03
3.404984E-01	5.394853E+00	1.039161E-02	7.101675E-03
3.532602E-01	5.324407E+00	1.178902E-02	7.334893E-03
3.665003E-01	5.271044E+00	1.375799E-02	7.568085E-03
3.802366E-01	5.242679E+00	1.657147E-02	7.825736E-03
3.944877E-01	5.225221E+00	2.031898E-02	8.100886E-03
4.092730E-01	5.165150E+00	2.671200E-02	8.386996E-03
4.246124E-01	5.163748E+00	3.950070E-02	8.660500E-03
4.405268E-01	5.181376E+00	7.022622E-02	8.943463E-03
4.570376E-01	5.148023E+00	2.012474E-01	9.169755E-03
