# I(Q)
#Q (1/A)        I (1/cm)        dI (1/cm)       dQ (1/A)
1.527077E-03	-2.592581E+00	5.129504E+02	5.499705E-04
1.576097E-03	7.248756E+01	1.984137E+02	5.597792E-04
1.626691E-03	7.367597E+01	1.560424E+02	5.703082E-04
1.678909E-03	4.456236E+01	1.368216E+02	5.780378E-04
1.732803E-03	5.342118E+01	1.210154E+02	5.839578E-04
1.788426E-03	1.062540E+02	1.099232E+02	5.814580E-04
1.845836E-03	1.163943E+02	1.059282E+02	5.802211E-04
1.905088E-03	1.283298E+02	9.139294E+01	5.839597E-04
1.966243E-03	1.169192E+02	8.380908E+01	5.869012E-04
2.029360E-03	1.135468E+02	7.272081E+01	5.841742E-04
2.094504E-03	1.282390E+02	6.539306E+01	5.850235E-04
2.161739E-03	9.289254E+01	6.604040E+01	5.851302E-04
2.231132E-03	1.400288E+02	6.599732E+01	5.852877E-04
2.302752E-03	1.208963E+02	6.107171E+01	5.871470E-04
2.376672E-03	1.263330E+02	5.990989E+01	5.852463E-04
2.452964E-03	1.240423E+02	5.420764E+01	5.849188E-04
2.531706E-03	1.246794E+02	5.048294E+01	5.838956E-04
2.612975E-03	1.532136E+02	4.474724E+01	5.846171E-04
2.696853E-03	1.165676E+02	4.296490E+01	5.845034E-04
2.783423E-03	1.238928E+02	4.094470E+01	5.859945E-04
2.872773E-03	1.538591E+02	3.928630E+01	5.867528E-04
2.964990E-03	1.207783E+02	3.636601E+01	5.860614E-04
3.060168E-03	1.143093E+02	3.328998E+01	5.865470E-04
3.158401E-03	1.239268E+02	3.305874E+01	5.864663E-04
3.259788E-03	9.338755E+01	3.090387E+01	5.870813E-04
3.364429E-03	1.280528E+02	2.962130E+01	5.874562E-04
3.472429E-03	8.114064E+01	2.793841E+01	5.874157E-04
3.583896E-03	7.800184E+01	2.709567E+01	5.878893E-04
3.698941E-03	6.804623E+01	2.681697E+01	5.875190E-04
3.817679E-03	9.494191E+01	2.592597E+01	5.877016E-04
3.940229E-03	5.069208E+01	2.452991E+01	5.874319E-04
4.066712E-03	6.481621E+01	2.430417E+01	5.876277E-04
4.197256E-03	5.604764E+01	2.359722E+01	5.874886E-04
4.331990E-03	5.644065E+01	2.225568E+01	5.878019E-04
4.471049E-03	5.123883E+01	2.168365E+01	5.876479E-04
4.614573E-03	5.159319E+01	2.147843E+01	5.875084E-04
4.762703E-03	5.023081E+01	2.046493E+01	5.877751E-04
4.915588E-03	4.181561E+01	1.983313E+01	5.876156E-04
5.073382E-03	4.926904E+01	1.942419E+01	5.875070E-04
5.236240E-03	4.819739E+01	1.837483E+01	5.875915E-04
5.404326E-03	4.790934E+01	1.801361E+01	5.876852E-04
5.577808E-03	4.202801E+01	1.760497E+01	5.876638E-04
5.756859E-03	4.064343E+01	1.683639E+01	5.877184E-04
5.941657E-03	4.080765E+01	1.656988E+01	5.876566E-04
6.132388E-03	3.755173E+01	1.592995E+01	5.874678E-04
6.329241E-03	4.209675E+01	1.553024E+01	5.876999E-04
6.532413E-03	4.154322E+01	1.498679E+01	5.875728E-04
6.742107E-03	4.431946E+01	1.450671E+01	5.877109E-04
6.958532E-03	3.802131E+01	1.416580E+01	5.876718E-04
7.181905E-03	4.078055E+01	1.369339E+01	5.874906E-04
7.412448E-03	3.987613E+01	1.322103E+01	5.877098E-04
7.650392E-03	3.889131E+01	1.286683E+01	5.875590E-04
7.895974E-03	3.916538E+01	1.239834E+01	5.877029E-04
8.149439E-03	3.615479E+01	1.204992E+01	5.876152E-04
8.411041E-03	3.619411E+01	1.160152E+01	5.876450E-04
8.681040E-03	3.798613E+01	1.120827E+01	5.876231E-04
8.959706E-03	4.413465E+01	1.081086E+01	5.876130E-04
9.247318E-03	4.280606E+01	1.045103E+01	5.875645E-04
9.544162E-03	4.034394E+01	1.032287E+01	5.876698E-04
9.850535E-03	4.171791E+01	9.955406E+00	5.877041E-04
1.016674E-02	3.966508E+01	9.641577E+00	5.875673E-04
1.049310E-02	3.701132E+01	9.386375E+00	5.876234E-04
1.082993E-02	3.867893E+01	9.093994E+00	5.876594E-04
1.117758E-02	4.050187E+01	8.795083E+00	5.875923E-04
1.153639E-02	3.607443E+01	8.508108E+00	5.876331E-04
1.190671E-02	3.897419E+01	8.236323E+00	5.876114E-04
1.228893E-02	3.967366E+01	8.010597E+00	5.876606E-04
1.268341E-02	3.676985E+01	7.714058E+00	5.877566E-04
1.309055E-02	3.788275E+01	7.479199E+00	5.879517E-04
1.351076E-02	3.619242E+01	7.270597E+00	5.878666E-04
1.394447E-02	3.623065E+01	7.062483E+00	5.876979E-04
1.439209E-02	3.706925E+01	6.896184E+00	5.875184E-04
1.485409E-02	3.750195E+01	6.682478E+00	5.874214E-04
1.533091E-02	3.807376E+01	6.444423E+00	5.875492E-04
1.582304E-02	3.617558E+01	6.261480E+00	5.874927E-04
1.633097E-02	3.558914E+01	6.044733E+00	5.875701E-04
1.685520E-02	3.722096E+01	5.811140E+00	5.878970E-04
1.739627E-02	3.849610E+01	5.654169E+00	5.884918E-04
1.795470E-02	3.777606E+01	5.521307E+00	5.889240E-04
1.853105E-02	3.496716E+01	5.449505E+00	5.891715E-04
1.912591E-02	3.577862E+01	5.402091E+00	5.890331E-04
1.973986E-02	3.832136E+01	5.338438E+00	5.891828E-04
2.037352E-02	3.541699E+01	5.224753E+00	5.899643E-04
2.102752E-02	3.526338E+01	5.179011E+00	5.912647E-04
2.170252E-02	3.558219E+01	5.206839E+00	5.923007E-04
2.239918E-02	3.412098E+01	5.342049E+00	5.926887E-04
2.311821E-02	3.385926E+01	5.479797E+00	5.926041E-04
2.386032E-02	3.691533E+01	5.606421E+00	5.932335E-04
2.462624E-02	3.552646E+01	5.756863E+00	5.950184E-04
2.541676E-02	3.270649E+01	6.027151E+00	5.969109E-04
2.623265E-02	3.347996E+01	6.474923E+00	5.983361E-04
2.707474E-02	3.606237E+01	7.037743E+00	5.990398E-04
2.794385E-02	3.179265E+01	7.719389E+00	6.005771E-04
2.884086E-02	3.280980E+01	8.467613E+00	6.035766E-04
2.976667E-02	3.241064E+01	9.194811E+00	6.085563E-04
3.072220E-02	2.951018E+01	1.067068E+01	6.145840E-04
3.170840E-02	2.312217E+01	1.363568E+01	6.201299E-04
3.272625E-02	1.896829E+01	1.923607E+01	6.261251E-04
3.377679E-02	1.843378E+01	3.395008E+01	6.320394E-04
3.486104E-02	-8.869244E-01	1.302313E+02	6.369476E-04
