# I(Q)
#Q (1/A)        I (1/cm)        dI (1/cm)       dQ (1/A)
1.527077E-03	-2.592373E+00	3.663859E+02	5.499705E-04
1.576097E-03	9.667028E+01	1.428575E+02	5.597792E-04
1.626691E-03	6.529784E+01	1.122310E+02	5.703082E-04
1.678909E-03	3.143161E+01	9.772639E+01	5.780378E-04
1.732803E-03	8.288222E+01	8.866077E+01	5.839578E-04
1.788427E-03	1.173362E+02	7.964260E+01	5.814580E-04
1.845836E-03	1.121362E+02	7.664574E+01	5.802211E-04
1.905088E-03	1.357562E+02	6.567167E+01	5.839597E-04
1.966243E-03	1.097331E+02	6.035193E+01	5.869012E-04
2.029360E-03	1.199817E+02	5.228387E+01	5.841742E-04
2.094504E-03	1.247704E+02	4.712431E+01	5.850235E-04
2.161739E-03	1.013443E+02	4.772869E+01	5.851302E-04
2.231132E-03	1.331545E+02	4.751798E+01	5.852877E-04
2.302752E-03	1.310081E+02	4.444548E+01	5.871470E-04
2.376672E-03	1.344635E+02	4.343384E+01	5.852463E-04
2.452964E-03	1.308749E+02	3.924059E+01	5.849189E-04
2.531706E-03	1.270396E+02	3.631511E+01	5.838956E-04
2.612975E-03	1.377543E+02	3.231197E+01	5.846171E-04
2.696853E-03	1.213336E+02	3.117181E+01	5.845034E-04
2.783424E-03	1.302313E+02	2.965129E+01	5.859945E-04
2.872773E-03	1.665542E+02	2.871593E+01	5.867528E-04
2.964991E-03	1.201774E+02	2.625501E+01	5.860614E-04
3.060168E-03	1.177765E+02	2.408743E+01	5.865470E-04
3.158402E-03	1.202201E+02	2.385804E+01	5.864663E-04
3.259788E-03	9.140489E+01	2.227671E+01	5.870813E-04
3.364429E-03	1.209707E+02	2.139374E+01	5.874562E-04
3.472429E-03	8.159749E+01	2.011329E+01	5.874157E-04
3.583896E-03	8.345180E+01	1.948763E+01	5.878703E-04
3.698941E-03	6.692170E+01	1.923110E+01	5.875366E-04
3.817679E-03	8.779516E+01	1.862668E+01	5.877016E-04
3.940229E-03	5.496454E+01	1.754973E+01	5.874319E-04
4.066712E-03	6.052308E+01	1.740658E+01	5.876277E-04
4.197256E-03	5.632401E+01	1.687433E+01	5.874886E-04
4.331990E-03	5.520113E+01	1.592263E+01	5.878019E-04
4.471050E-03	5.093048E+01	1.552526E+01	5.876479E-04
4.614573E-03	4.803706E+01	1.534454E+01	5.875084E-04
4.762703E-03	4.977931E+01	1.463143E+01	5.877752E-04
4.915589E-03	4.337556E+01	1.417873E+01	5.876156E-04
5.073382E-03	4.821974E+01	1.387902E+01	5.875070E-04
5.236240E-03	5.066518E+01	1.314687E+01	5.875915E-04
5.404326E-03	4.575311E+01	1.286955E+01	5.876852E-04
5.577808E-03	3.976195E+01	1.257759E+01	5.876638E-04
5.756859E-03	4.095859E+01	1.203045E+01	5.877184E-04
5.941657E-03	4.037213E+01	1.183761E+01	5.876566E-04
6.132388E-03	3.719795E+01	1.137940E+01	5.874678E-04
6.329241E-03	4.089497E+01	1.109617E+01	5.876999E-04
6.532413E-03	3.984702E+01	1.070817E+01	5.875728E-04
6.742107E-03	4.496560E+01	1.036631E+01	5.877109E-04
6.958533E-03	3.929928E+01	1.012664E+01	5.876718E-04
7.181906E-03	4.025603E+01	9.785428E+00	5.874906E-04
7.412449E-03	3.790032E+01	9.449479E+00	5.877098E-04
7.650392E-03	3.814928E+01	9.193225E+00	5.875590E-04
7.895974E-03	3.876892E+01	8.858265E+00	5.877029E-04
8.149440E-03	3.644814E+01	8.609552E+00	5.876152E-04
8.411041E-03	3.685431E+01	8.289832E+00	5.876450E-04
8.681040E-03	3.802460E+01	8.010398E+00	5.876231E-04
8.959706E-03	4.217754E+01	7.725105E+00	5.876130E-04
9.247318E-03	4.164465E+01	7.467679E+00	5.875645E-04
9.544162E-03	3.951594E+01	7.375305E+00	5.876698E-04
9.850535E-03	4.068867E+01	7.112858E+00	5.877041E-04
1.016674E-02	3.928538E+01	6.889590E+00	5.875673E-04
1.049310E-02	3.808596E+01	6.706615E+00	5.876234E-04
1.082994E-02	3.823614E+01	6.497738E+00	5.876594E-04
1.117758E-02	3.945605E+01	6.284244E+00	5.875923E-04
1.153639E-02	3.868389E+01	6.079040E+00	5.876331E-04
1.190671E-02	3.782351E+01	5.885837E+00	5.876114E-04
1.228893E-02	3.927109E+01	5.723963E+00	5.876606E-04
1.268341E-02	3.747184E+01	5.511472E+00	5.877566E-04
1.309055E-02	3.764482E+01	5.344739E+00	5.879517E-04
1.351077E-02	3.701159E+01	5.195906E+00	5.878666E-04
1.394447E-02	3.731925E+01	5.046599E+00	5.876979E-04
1.439209E-02	3.655663E+01	4.928131E+00	5.875184E-04
1.485409E-02	3.599827E+01	4.774468E+00	5.874214E-04
1.533091E-02	3.754930E+01	4.604264E+00	5.875492E-04
1.582304E-02	3.717200E+01	4.474307E+00	5.874927E-04
1.633097E-02	3.615921E+01	4.319257E+00	5.875701E-04
1.685520E-02	3.804792E+01	4.152141E+00	5.878970E-04
1.739627E-02	3.800664E+01	4.039939E+00	5.884918E-04
1.795470E-02	3.760160E+01	3.944698E+00	5.889240E-04
1.853105E-02	3.537532E+01	3.893624E+00	5.891715E-04
1.912591E-02	3.628429E+01	3.859777E+00	5.890331E-04
1.973986E-02	3.743044E+01	3.814309E+00	5.891839E-04
2.037352E-02	3.575404E+01	3.733134E+00	5.899632E-04
2.102752E-02	3.595746E+01	3.700574E+00	5.912647E-04
2.170252E-02	3.572814E+01	3.720365E+00	5.923007E-04
2.239918E-02	3.365514E+01	3.816485E+00	5.926887E-04
2.311821E-02	3.460235E+01	3.915208E+00	5.926041E-04
2.386032E-02	3.600059E+01	4.005828E+00	5.932335E-04
2.462624E-02	3.535779E+01	4.113537E+00	5.950184E-04
2.541676E-02	3.232805E+01	4.306666E+00	5.969109E-04
2.623265E-02	3.303319E+01	4.626346E+00	5.983361E-04
2.707474E-02	3.429111E+01	5.029689E+00	5.990398E-04
2.794385E-02	3.160255E+01	5.516102E+00	6.005771E-04
2.884086E-02	3.208858E+01	6.049387E+00	6.035766E-04
2.976667E-02	2.972420E+01	6.568081E+00	6.085563E-04
3.072220E-02	2.755008E+01	7.622098E+00	6.145840E-04
3.170840E-02	2.254950E+01	9.746493E+00	6.201299E-04
3.272625E-02	1.597771E+01	1.373937E+01	6.261251E-04
3.377679E-02	2.153470E+01	2.433250E+01	6.320394E-04
3.486104E-02	-8.868535E-01	9.301882E+01	6.369476E-04
