# I(Q)
#Q (1/A)        I (1/cm)        dI (1/cm)       dQ (1/A)
1.527077E-03	-1.192367E+00	2.141991E+02	5.499705E-04
1.576097E-03	3.170460E+01	8.498978E+01	5.597792E-04
1.626691E-03	4.034557E+01	6.695369E+01	5.703082E-04
1.678909E-03	7.168001E+01	6.072708E+01	5.780378E-04
1.732803E-03	5.566272E+01	5.188232E+01	5.839578E-04
1.788426E-03	4.078617E+01	4.624368E+01	5.814580E-04
1.845836E-03	4.055666E+01	4.420992E+01	5.802211E-04
1.905088E-03	4.429137E+01	3.778599E+01	5.839597E-04
1.966243E-03	5.957765E+01	3.608037E+01	5.869012E-04
2.029360E-03	5.200923E+01	3.072338E+01	5.841742E-04
2.094504E-03	9.293045E+01	2.845914E+01	5.850235E-04
2.161739E-03	5.596537E+01	2.819321E+01	5.851302E-04
2.231132E-03	7.123421E+01	2.798446E+01	5.852877E-04
2.302752E-03	5.452258E+01	2.558396E+01	5.871470E-04
2.376672E-03	6.422102E+01	2.551116E+01	5.852463E-04
2.452964E-03	5.437621E+01	2.286522E+01	5.849188E-04
2.531706E-03	7.706575E+01	2.165072E+01	5.838956E-04
2.612975E-03	8.053345E+01	1.919441E+01	5.846171E-04
2.696853E-03	5.496445E+01	1.823440E+01	5.845034E-04
2.783423E-03	6.235898E+01	1.740519E+01	5.859945E-04
2.872773E-03	8.435804E+01	1.672108E+01	5.867528E-04
2.964990E-03	6.338021E+01	1.554967E+01	5.860614E-04
3.060168E-03	6.116473E+01	1.407801E+01	5.865470E-04
3.158401E-03	4.490631E+01	1.394752E+01	5.864663E-04
3.259788E-03	3.729308E+01	1.305124E+01	5.870813E-04
3.364429E-03	4.937308E+01	1.247284E+01	5.874562E-04
3.472429E-03	3.898670E+01	1.181190E+01	5.874157E-04
3.583896E-03	4.031093E+01	1.152093E+01	5.878893E-04
3.698941E-03	3.271321E+01	1.134483E+01	5.875190E-04
3.817679E-03	4.004065E+01	1.096594E+01	5.877016E-04
3.940229E-03	3.397852E+01	1.047082E+01	5.874319E-04
4.066712E-03	2.547394E+01	1.030675E+01	5.876277E-04
4.197256E-03	2.523476E+01	1.001135E+01	5.874886E-04
4.331990E-03	2.035189E+01	9.435672E+00	5.878019E-04
4.471049E-03	2.248078E+01	9.206100E+00	5.876479E-04
4.614573E-03	2.305721E+01	9.094543E+00	5.875084E-04
4.762703E-03	2.273444E+01	8.680026E+00	5.877751E-04
4.915588E-03	1.935071E+01	8.402924E+00	5.876156E-04
5.073382E-03	1.916440E+01	8.230458E+00	5.875070E-04
5.236240E-03	1.895490E+01	7.793212E+00	5.875915E-04
5.404326E-03	1.805587E+01	7.636966E+00	5.876852E-04
5.577808E-03	1.908740E+01	7.465145E+00	5.876638E-04
5.756859E-03	1.628067E+01	7.132886E+00	5.877184E-04
5.941657E-03	1.633622E+01	7.021772E+00	5.876566E-04
6.132388E-03	1.748155E+01	6.750955E+00	5.874678E-04
6.329241E-03	1.751287E+01	6.582024E+00	5.876999E-04
6.532413E-03	1.595547E+01	6.352595E+00	5.875728E-04
6.742107E-03	1.742095E+01	6.149376E+00	5.877109E-04
6.958533E-03	1.787312E+01	6.003256E+00	5.876718E-04
7.181905E-03	1.633158E+01	5.801584E+00	5.874906E-04
7.412448E-03	1.505801E+01	5.602534E+00	5.877098E-04
7.650392E-03	1.617265E+01	5.452084E+00	5.875590E-04
7.895974E-03	1.560605E+01	5.254869E+00	5.877029E-04
8.149439E-03	1.635222E+01	5.111167E+00	5.876152E-04
8.411041E-03	1.575646E+01	4.915942E+00	5.876450E-04
8.681040E-03	1.593985E+01	4.750001E+00	5.876231E-04
8.959706E-03	1.629484E+01	4.580796E+00	5.876130E-04
9.247318E-03	1.614065E+01	4.429747E+00	5.875645E-04
9.544162E-03	1.543733E+01	4.370920E+00	5.876698E-04
9.850535E-03	1.647586E+01	4.217317E+00	5.877041E-04
1.016674E-02	1.440729E+01	4.086158E+00	5.875673E-04
1.049310E-02	1.623012E+01	3.976728E+00	5.876234E-04
1.082993E-02	1.536103E+01	3.853394E+00	5.876594E-04
1.117758E-02	1.567878E+01	3.727894E+00	5.875923E-04
1.153639E-02	1.581656E+01	3.606477E+00	5.876331E-04
1.190671E-02	1.494862E+01	3.490565E+00	5.876114E-04
1.228893E-02	1.462005E+01	3.395113E+00	5.876606E-04
1.268341E-02	1.502850E+01	3.269294E+00	5.877566E-04
1.309055E-02	1.563232E+01	3.170344E+00	5.879517E-04
1.351076E-02	1.421337E+01	3.081441E+00	5.878666E-04
1.394447E-02	1.423453E+01	2.992323E+00	5.876979E-04
1.439209E-02	1.479002E+01	2.921616E+00	5.875184E-04
1.485409E-02	1.419589E+01	2.830261E+00	5.874214E-04
1.533091E-02	1.548732E+01	2.730430E+00	5.875492E-04
1.582304E-02	1.446469E+01	2.652674E+00	5.874927E-04
1.633097E-02	1.533778E+01	2.561057E+00	5.875701E-04
1.685520E-02	1.445380E+01	2.463334E+00	5.878970E-04
1.739627E-02	1.419561E+01	2.396929E+00	5.884918E-04
1.795470E-02	1.429267E+01	2.340855E+00	5.889240E-04
1.853105E-02	1.474829E+01	2.310542E+00	5.891715E-04
1.912591E-02	1.483573E+01	2.290060E+00	5.890331E-04
1.973986E-02	1.397966E+01	2.263887E+00	5.891839E-04
2.037352E-02	1.453267E+01	2.217202E+00	5.899632E-04
2.102752E-02	1.492710E+01	2.199703E+00	5.912647E-04
2.170252E-02	1.460835E+01	2.212530E+00	5.923007E-04
2.239918E-02	1.379405E+01	2.269261E+00	5.926887E-04
2.311821E-02	1.381389E+01	2.327999E+00	5.926041E-04
2.386032E-02	1.431133E+01	2.383881E+00	5.932335E-04
2.462624E-02	1.399041E+01	2.451392E+00	5.950184E-04
2.541676E-02	1.315325E+01	2.569069E+00	5.969109E-04
2.623265E-02	1.310303E+01	2.759656E+00	5.983361E-04
2.707474E-02	1.299548E+01	3.003264E+00	5.990398E-04
2.794385E-02	1.286058E+01	3.302088E+00	6.005771E-04
2.884086E-02	1.146497E+01	3.633649E+00	6.035766E-04
2.976667E-02	1.074067E+01	3.969781E+00	6.085563E-04
3.072220E-02	1.068268E+01	4.641435E+00	6.145840E-04
3.170840E-02	1.120411E+01	5.962480E+00	6.201299E-04
3.272625E-02	8.588597E+00	8.452097E+00	6.261251E-04
3.377679E-02	5.630592E+00	1.498708E+01	6.320394E-04
3.486104E-02	-4.318539E-01	5.765347E+01	6.369476E-04
