# I(Q)
#Q (1/A)        I (1/cm)        dI (1/cm)       dQ (1/A)
1.196675E-02	4.841421E+00	1.271115E+00	2.419556E-03
1.241526E-02	4.466823E+00	5.934123E-01	2.462373E-03
1.288058E-02	4.703863E+00	3.842870E-01	2.484900E-03
1.336334E-02	4.790567E+00	2.881717E-01	2.529813E-03
1.386419E-02	5.098260E+00	2.556877E-01	2.578396E-03
1.438381E-02	5.155624E+00	2.161890E-01	2.601904E-03
1.492291E-02	5.047720E+00	1.838465E-01	2.624562E-03
1.548221E-02	5.219235E+00	1.608673E-01	2.655668E-03
1.606248E-02	5.217602E+00	1.437690E-01	2.686152E-03
1.666450E-02	5.000256E+00	1.195583E-01	2.717217E-03
1.728907E-02	5.154664E+00	1.140568E-01	2.738750E-03
1.793706E-02	4.960254E+00	1.014044E-01	2.761390E-03
1.860933E-02	5.102647E+00	9.305790E-02	2.787698E-03
1.930680E-02	5.082422E+00	8.638011E-02	2.831905E-03
2.003042E-02	5.078473E+00	7.956484E-02	2.849946E-03
2.078115E-02	5.180106E+00	7.353934E-02	2.890624E-03
2.156001E-02	5.166036E+00	7.023839E-02	2.894000E-03
2.236807E-02	5.066831E+00	6.297326E-02	2.928075E-03
2.320642E-02	5.020441E+00	5.898242E-02	2.955177E-03
2.407619E-02	5.035536E+00	5.564967E-02	2.974719E-03
2.497855E-02	5.020892E+00	5.260646E-02	2.991787E-03
2.591474E-02	4.922431E+00	4.856409E-02	3.032938E-03
2.688601E-02	4.913724E+00	4.608681E-02	3.038668E-03
2.789369E-02	4.947760E+00	4.378040E-02	3.061027E-03
2.893913E-02	4.867976E+00	4.207243E-02	3.066936E-03
3.002376E-02	4.900772E+00	3.935218E-02	3.094919E-03
3.114903E-02	4.999046E+00	3.846454E-02	3.104840E-03
3.231649E-02	4.921797E+00	3.626910E-02	3.117375E-03
3.352769E-02	4.922404E+00	3.463061E-02	3.121584E-03
3.478430E-02	4.979483E+00	3.368139E-02	3.126903E-03
3.608800E-02	4.933862E+00	3.207323E-02	3.141505E-03
3.744056E-02	4.947581E+00	3.084401E-02	3.149424E-03
3.884382E-02	4.918147E+00	2.956651E-02	3.157421E-03
4.029967E-02	4.905158E+00	2.855509E-02	3.158690E-03
4.181008E-02	4.900514E+00	2.716373E-02	3.168745E-03
4.337710E-02	4.917271E+00	2.630145E-02	3.166467E-03
4.500286E-02	4.918954E+00	2.538879E-02	3.182662E-03
4.668955E-02	4.911526E+00	2.439084E-02	3.180338E-03
4.843945E-02	4.881552E+00	2.332143E-02	3.187454E-03
5.025494E-02	4.896632E+00	2.273176E-02	3.187088E-03
5.213848E-02	4.865177E+00	2.177861E-02	3.184675E-03
5.409260E-02	4.875483E+00	2.087225E-02	3.198580E-03
5.611997E-02	4.871197E+00	2.029799E-02	3.201411E-03
5.822332E-02	4.891623E+00	1.944463E-02	3.205294E-03
6.040551E-02	4.875709E+00	1.879771E-02	3.208574E-03
6.266948E-02	4.867498E+00	1.809495E-02	3.206285E-03
6.501830E-02	4.892576E+00	1.746427E-02	3.210940E-03
6.745516E-02	4.850417E+00	1.655345E-02	3.226999E-03
6.998335E-02	4.864063E+00	1.619607E-02	3.227945E-03
7.260630E-02	4.863345E+00	1.555275E-02	3.232181E-03
7.532755E-02	4.861241E+00	1.499480E-02	3.236688E-03
7.815080E-02	4.868228E+00	1.445483E-02	3.246417E-03
8.107985E-02	4.882160E+00	1.397470E-02	3.253855E-03
8.411869E-02	4.852102E+00	1.339752E-02	3.262121E-03
8.727142E-02	4.848309E+00	1.292900E-02	3.270945E-03
9.054232E-02	4.880572E+00	1.249344E-02	3.278519E-03
9.393581E-02	4.847712E+00	1.202438E-02	3.288903E-03
9.745648E-02	4.832080E+00	1.156285E-02	3.301139E-03
1.011091E-01	4.854076E+00	1.118450E-02	3.312953E-03
1.048986E-01	4.841003E+00	1.078460E-02	3.323475E-03
1.088302E-01	4.826605E+00	1.035441E-02	3.339890E-03
1.129091E-01	4.830577E+00	1.001338E-02	3.348542E-03
1.171409E-01	4.822845E+00	9.627545E-03	3.364126E-03
1.215313E-01	4.849169E+00	9.328801E-03	3.380728E-03
1.260862E-01	4.840043E+00	9.002463E-03	3.403949E-03
1.308119E-01	4.853348E+00	8.707926E-03	3.429106E-03
1.357146E-01	4.862241E+00	8.442323E-03	3.466684E-03
1.408012E-01	4.876647E+00	8.210442E-03	3.498094E-03
1.460783E-01	4.874445E+00	7.989534E-03	3.540522E-03
1.515533E-01	4.880517E+00	7.781207E-03	3.590917E-03
1.572334E-01	4.886472E+00	7.616892E-03	3.650616E-03
1.631265E-01	4.885987E+00	7.457814E-03	3.712374E-03
1.692404E-01	4.892817E+00	7.332078E-03	3.793583E-03
1.755834E-01	4.885433E+00	7.216834E-03	3.885053E-03
1.821642E-01	4.879353E+00	7.163596E-03	3.987192E-03
1.889917E-01	4.874159E+00	7.082838E-03	4.096562E-03
1.960750E-01	4.855141E+00	7.049440E-03	4.224962E-03
2.034238E-01	4.815201E+00	6.975038E-03	4.368345E-03
2.110480E-01	4.770121E+00	6.935075E-03	4.526868E-03
2.189580E-01	4.721422E+00	6.906039E-03	4.693642E-03
2.271645E-01	4.642025E+00	6.870983E-03	4.863849E-03
2.356785E-01	4.558484E+00	6.866955E-03	5.044875E-03
2.445116E-01	4.471712E+00	6.872827E-03	5.228133E-03
2.536758E-01	4.392892E+00	6.949920E-03	5.414010E-03
2.631835E-01	4.288148E+00	7.044012E-03	5.603380E-03
2.730475E-01	4.210962E+00	7.168247E-03	5.800258E-03
2.832812E-01	4.128048E+00	7.398225E-03	6.005470E-03
2.938985E-01	4.069276E+00	7.692508E-03	6.216087E-03
3.049136E-01	4.004294E+00	8.107181E-03	6.427082E-03
3.163417E-01	3.934042E+00	8.683824E-03	6.643064E-03
3.281980E-01	3.901729E+00	9.455461E-03	6.866142E-03
3.404987E-01	3.832185E+00	1.040286E-02	7.101676E-03
3.532605E-01	3.818661E+00	1.186599E-02	7.334894E-03
3.665005E-01	3.785007E+00	1.385908E-02	7.568086E-03
3.802368E-01	3.743753E+00	1.664713E-02	7.825736E-03
3.944879E-01	3.760246E+00	2.050478E-02	8.100886E-03
4.092732E-01	3.697499E+00	2.692575E-02	8.386996E-03
4.246126E-01	3.664295E+00	3.964026E-02	8.660501E-03
4.405269E-01	3.555540E+00	6.930735E-02	8.943464E-03
4.570376E-01	3.561523E+00	2.003176E-01	9.169756E-03
