# I(Q)
#Q (1/A)        I (1/cm)        dI (1/cm)       dQ (1/A)
1.527077E-03	-8.378293E-01	1.654697E+02	5.499705E-04
1.576097E-03	7.243347E+01	6.758336E+01	5.597792E-04
1.626691E-03	1.383087E+01	5.074885E+01	5.703082E-04
1.678909E-03	2.162570E+01	4.478475E+01	5.780378E-04
1.732803E-03	2.946083E+01	3.960181E+01	5.839578E-04
1.788426E-03	6.706318E+01	3.646634E+01	5.814580E-04
1.845836E-03	6.145841E+01	3.475204E+01	5.802211E-04
1.905088E-03	7.213011E+01	3.049341E+01	5.839597E-04
1.966243E-03	5.076254E+01	2.812452E+01	5.869012E-04
2.029360E-03	5.435528E+01	2.377735E+01	5.841741E-04
2.094504E-03	6.079316E+01	2.186323E+01	5.850235E-04
2.161739E-03	4.640165E+01	2.176633E+01	5.851302E-04
2.231132E-03	4.417602E+01	2.144430E+01	5.852877E-04
2.302752E-03	4.499841E+01	1.995296E+01	5.871470E-04
2.376672E-03	6.351018E+01	2.007382E+01	5.852463E-04
2.452964E-03	5.359002E+01	1.806109E+01	5.849188E-04
2.531706E-03	5.169679E+01	1.668425E+01	5.838956E-04
2.612975E-03	6.297719E+01	1.489072E+01	5.846170E-04
2.696853E-03	6.666931E+01	1.445368E+01	5.845034E-04
2.783423E-03	5.609773E+01	1.356989E+01	5.859945E-04
2.872773E-03	6.075798E+01	1.294580E+01	5.867528E-04
2.964990E-03	5.052328E+01	1.198384E+01	5.860614E-04
3.060168E-03	4.834350E+01	1.100660E+01	5.865470E-04
3.158401E-03	3.970295E+01	1.084051E+01	5.864663E-04
3.259788E-03	3.988460E+01	1.016781E+01	5.870813E-04
3.364429E-03	4.287752E+01	9.667556E+00	5.874562E-04
3.472429E-03	3.149920E+01	9.198612E+00	5.874157E-04
3.583896E-03	3.042117E+01	8.944025E+00	5.878893E-04
3.698941E-03	2.821689E+01	8.823641E+00	5.875189E-04
3.817679E-03	2.778507E+01	8.512453E+00	5.877016E-04
3.940229E-03	2.879255E+01	8.135416E+00	5.874319E-04
4.066712E-03	2.056011E+01	8.017492E+00	5.876277E-04
4.197256E-03	2.041076E+01	7.771582E+00	5.874886E-04
4.331990E-03	1.827748E+01	7.341947E+00	5.878019E-04
4.471049E-03	1.747500E+01	7.158011E+00	5.876479E-04
4.614573E-03	1.619928E+01	7.065856E+00	5.875084E-04
4.762703E-03	1.448014E+01	6.741993E+00	5.877751E-04
4.915588E-03	1.759667E+01	6.537684E+00	5.876156E-04
5.073382E-03	1.323463E+01	6.397822E+00	5.875070E-04
5.236240E-03	1.474337E+01	6.056067E+00	5.875915E-04
5.404326E-03	1.208121E+01	5.929342E+00	5.876851E-04
5.577808E-03	1.436226E+01	5.801497E+00	5.876638E-04
5.756859E-03	1.223573E+01	5.547350E+00	5.877184E-04
5.941657E-03	1.259961E+01	5.458040E+00	5.876565E-04
6.132388E-03	1.054524E+01	5.248647E+00	5.874678E-04
6.329241E-03	1.157277E+01	5.116327E+00	5.876999E-04
6.532413E-03	1.344270E+01	4.939473E+00	5.875728E-04
6.742107E-03	1.037891E+01	4.780653E+00	5.877109E-04
6.958532E-03	1.051748E+01	4.665261E+00	5.876718E-04
7.181905E-03	1.216942E+01	4.510966E+00	5.874906E-04
7.412448E-03	1.157305E+01	4.356744E+00	5.877098E-04
7.650392E-03	1.114555E+01	4.238226E+00	5.875590E-04
7.895974E-03	1.220652E+01	4.086707E+00	5.877029E-04
8.149439E-03	1.045044E+01	3.969569E+00	5.876152E-04
8.411041E-03	1.012332E+01	3.822707E+00	5.876450E-04
8.681040E-03	1.004984E+01	3.692272E+00	5.876231E-04
8.959706E-03	1.114808E+01	3.562008E+00	5.876130E-04
9.247318E-03	1.089287E+01	3.443109E+00	5.875645E-04
9.544162E-03	9.601062E+00	3.397946E+00	5.876698E-04
9.850535E-03	1.044224E+01	3.278665E+00	5.877041E-04
1.016674E-02	9.908815E+00	3.176497E+00	5.875673E-04
1.049310E-02	1.002449E+01	3.091219E+00	5.876234E-04
1.082993E-02	1.092069E+01	2.995974E+00	5.876594E-04
1.117758E-02	9.045609E+00	2.896806E+00	5.875923E-04
1.153639E-02	9.713051E+00	2.802827E+00	5.876331E-04
1.190671E-02	9.858134E+00	2.713748E+00	5.876114E-04
1.228893E-02	1.063061E+01	2.638840E+00	5.876606E-04
1.268341E-02	9.717985E+00	2.541859E+00	5.877566E-04
1.309055E-02	9.811341E+00	2.464905E+00	5.879517E-04
1.351076E-02	9.541473E+00	2.394977E+00	5.878666E-04
1.394447E-02	9.134691E+00	2.326058E+00	5.876978E-04
1.439209E-02	9.219221E+00	2.270914E+00	5.875184E-04
1.485409E-02	9.876639E+00	2.199894E+00	5.874214E-04
1.533091E-02	9.871180E+00	2.122487E+00	5.875492E-04
1.582304E-02	9.197949E+00	2.061948E+00	5.874927E-04
1.633097E-02	8.943223E+00	1.990640E+00	5.875701E-04
1.685520E-02	9.366425E+00	1.915159E+00	5.878970E-04
1.739627E-02	9.139659E+00	1.863797E+00	5.884918E-04
1.795470E-02	9.184555E+00	1.820165E+00	5.889240E-04
1.853105E-02	9.724794E+00	1.796269E+00	5.891715E-04
1.912591E-02	9.140901E+00	1.780246E+00	5.890331E-04
1.973986E-02	8.640220E+00	1.760261E+00	5.891839E-04
2.037352E-02	9.629429E+00	1.724440E+00	5.899632E-04
2.102752E-02	8.680973E+00	1.711476E+00	5.912647E-04
2.170252E-02	8.670415E+00	1.721448E+00	5.923007E-04
2.239918E-02	8.883365E+00	1.765939E+00	5.926886E-04
2.311821E-02	8.670786E+00	1.811496E+00	5.926040E-04
2.386031E-02	8.625511E+00	1.855806E+00	5.932335E-04
2.462624E-02	9.353265E+00	1.909785E+00	5.950184E-04
2.541676E-02	8.175196E+00	2.001357E+00	5.969109E-04
2.623265E-02	8.022505E+00	2.151104E+00	5.983361E-04
2.707474E-02	8.023195E+00	2.341985E+00	5.990398E-04
2.794385E-02	7.578343E+00	2.577319E+00	6.005771E-04
2.884086E-02	7.939721E+00	2.839634E+00	6.035766E-04
2.976667E-02	7.446922E+00	3.111442E+00	6.085563E-04
3.072220E-02	6.739112E+00	3.647878E+00	6.145840E-04
3.170840E-02	6.047486E+00	4.700967E+00	6.201299E-04
3.272625E-02	5.264436E+00	6.674325E+00	6.261251E-04
3.377679E-02	5.921328E+00	1.185576E+01	6.320394E-04
3.486104E-02	-3.109535E-01	4.566479E+01	6.369476E-04
