# I(Q)
#Q (1/A)        I (1/cm)        dI (1/cm)       dQ (1/A)
1.527077E-03	-2.592155E+00	2.331314E+02	5.499705E-04
1.576097E-03	2.052210E+02	1.022046E+02	5.597792E-04
1.626691E-03	5.768852E+01	7.239525E+01	5.703082E-04
1.678909E-03	3.439923E+01	6.310723E+01	5.780378E-04
1.732802E-03	9.561537E+01	5.820661E+01	5.839578E-04
1.788426E-03	1.048977E+02	5.141590E+01	5.814580E-04
1.845836E-03	1.064626E+02	4.906593E+01	5.802211E-04
1.905088E-03	1.221115E+02	4.240640E+01	5.839597E-04
1.966243E-03	1.000022E+02	3.860391E+01	5.869012E-04
2.029360E-03	1.211648E+02	3.425548E+01	5.841742E-04
2.094504E-03	1.306910E+02	3.123390E+01	5.850235E-04
2.161739E-03	9.664314E+01	3.090664E+01	5.851302E-04
2.231132E-03	1.257269E+02	3.071774E+01	5.852877E-04
2.302752E-03	1.328114E+02	2.898258E+01	5.871470E-04
2.376672E-03	1.272488E+02	2.843049E+01	5.852463E-04
2.452964E-03	1.296635E+02	2.578161E+01	5.849188E-04
2.531706E-03	1.312002E+02	2.373356E+01	5.838956E-04
2.612975E-03	1.413394E+02	2.124382E+01	5.846171E-04
2.696853E-03	1.403338E+02	2.053100E+01	5.845034E-04
2.783423E-03	1.326009E+02	1.943461E+01	5.859945E-04
2.872773E-03	1.690115E+02	1.906875E+01	5.867528E-04
2.964990E-03	1.292225E+02	1.726446E+01	5.860614E-04
3.060168E-03	1.202737E+02	1.571846E+01	5.865470E-04
3.158401E-03	1.169398E+02	1.548065E+01	5.864663E-04
3.259788E-03	9.348858E+01	1.443604E+01	5.870813E-04
3.364429E-03	1.176673E+02	1.393182E+01	5.874562E-04
3.472429E-03	8.384306E+01	1.298038E+01	5.874157E-04
3.583896E-03	8.478106E+01	1.254430E+01	5.878893E-04
3.698941E-03	6.773497E+01	1.232069E+01	5.875190E-04
3.817679E-03	9.464935E+01	1.209313E+01	5.877016E-04
3.940229E-03	5.783271E+01	1.124485E+01	5.874319E-04
4.066712E-03	5.987891E+01	1.113828E+01	5.876277E-04
4.197256E-03	5.981328E+01	1.080340E+01	5.874886E-04
4.331990E-03	5.728736E+01	1.017773E+01	5.878019E-04
4.471049E-03	5.077088E+01	9.904423E+00	5.876479E-04
4.614573E-03	4.515385E+01	9.784565E+00	5.875084E-04
4.762703E-03	4.872508E+01	9.332862E+00	5.877751E-04
4.915588E-03	4.212001E+01	9.033511E+00	5.876156E-04
5.073381E-03	4.832651E+01	8.845672E+00	5.875070E-04
5.236240E-03	4.975048E+01	8.391296E+00	5.875915E-04
5.404326E-03	4.608043E+01	8.205426E+00	5.876852E-04
5.577808E-03	4.198239E+01	8.019877E+00	5.876638E-04
5.756859E-03	4.363521E+01	7.670432E+00	5.877184E-04
5.941657E-03	4.338073E+01	7.549668E+00	5.876566E-04
6.132388E-03	3.976798E+01	7.248851E+00	5.874678E-04
6.329241E-03	4.162783E+01	7.075952E+00	5.876999E-04
6.532413E-03	3.988585E+01	6.824663E+00	5.875728E-04
6.742107E-03	4.413515E+01	6.610002E+00	5.877109E-04
6.958532E-03	3.857392E+01	6.455129E+00	5.876718E-04
7.181905E-03	3.996924E+01	6.236885E+00	5.874906E-04
7.412448E-03	4.111544E+01	6.021910E+00	5.877098E-04
7.650392E-03	3.874223E+01	5.855525E+00	5.875590E-04
7.895974E-03	3.870634E+01	5.643081E+00	5.877029E-04
8.149439E-03	3.775571E+01	5.487508E+00	5.876152E-04
8.411041E-03	3.751366E+01	5.282603E+00	5.876450E-04
8.681040E-03	3.958556E+01	5.103291E+00	5.876231E-04
8.959706E-03	4.104463E+01	4.921561E+00	5.876130E-04
9.247318E-03	4.094249E+01	4.759385E+00	5.875645E-04
9.544162E-03	3.886908E+01	4.698118E+00	5.876698E-04
9.850535E-03	4.112078E+01	4.533772E+00	5.877041E-04
1.016674E-02	3.936843E+01	4.389996E+00	5.875673E-04
1.049310E-02	3.708998E+01	4.272398E+00	5.876234E-04
1.082993E-02	3.831366E+01	4.137593E+00	5.876594E-04
1.117758E-02	3.820806E+01	4.002006E+00	5.875923E-04
1.153639E-02	3.899754E+01	3.873065E+00	5.876331E-04
1.190671E-02	3.829170E+01	3.751002E+00	5.876114E-04
1.228893E-02	3.829427E+01	3.647318E+00	5.876606E-04
1.268341E-02	3.727487E+01	3.510779E+00	5.877566E-04
1.309055E-02	3.787212E+01	3.404812E+00	5.879517E-04
1.351076E-02	3.785365E+01	3.310393E+00	5.878666E-04
1.394447E-02	3.694249E+01	3.214148E+00	5.876979E-04
1.439209E-02	3.674283E+01	3.139545E+00	5.875184E-04
1.485409E-02	3.669282E+01	3.041080E+00	5.874214E-04
1.533091E-02	3.776891E+01	2.933176E+00	5.875492E-04
1.582304E-02	3.682610E+01	2.849981E+00	5.874927E-04
1.633097E-02	3.644701E+01	2.751373E+00	5.875701E-04
1.685520E-02	3.752629E+01	2.645225E+00	5.878970E-04
1.739627E-02	3.740782E+01	2.573429E+00	5.884918E-04
1.795470E-02	3.662051E+01	2.512634E+00	5.889240E-04
1.853105E-02	3.571355E+01	2.480428E+00	5.891715E-04
1.912591E-02	3.616225E+01	2.459258E+00	5.890331E-04
1.973986E-02	3.723803E+01	2.430342E+00	5.891828E-04
2.037352E-02	3.592444E+01	2.378050E+00	5.899643E-04
2.102752E-02	3.639635E+01	2.357722E+00	5.912647E-04
2.170252E-02	3.561393E+01	2.369980E+00	5.923007E-04
2.239918E-02	3.474815E+01	2.430990E+00	5.926887E-04
2.311821E-02	3.447261E+01	2.494854E+00	5.926041E-04
2.386032E-02	3.559314E+01	2.552647E+00	5.932335E-04
2.462624E-02	3.411819E+01	2.620571E+00	5.950184E-04
2.541676E-02	3.348174E+01	2.743523E+00	5.969109E-04
2.623265E-02	3.314344E+01	2.946791E+00	5.983361E-04
2.707474E-02	3.418820E+01	3.203819E+00	5.990398E-04
2.794385E-02	3.192576E+01	3.513445E+00	6.005771E-04
2.884086E-02	3.247679E+01	3.855985E+00	6.035766E-04
2.976667E-02	2.933370E+01	4.184727E+00	6.085563E-04
3.072220E-02	2.679317E+01	4.853060E+00	6.145840E-04
3.170840E-02	2.242825E+01	6.201996E+00	6.201299E-04
3.272625E-02	1.577745E+01	8.761063E+00	6.261251E-04
3.377679E-02	2.274103E+01	1.548437E+01	6.320394E-04
3.486104E-02	-8.867787E-01	5.919545E+01	6.369476E-04
