# I(Q)
#Q (1/A)        I (1/cm)        dI (1/cm)       dQ (1/A)
1.449827E-03	-9.716910E-02	1.113258E+01	5.523228E-04
1.497141E-03	2.246827E+01	6.880764E+00	5.607494E-04
1.545998E-03	2.343996E+01	5.302407E+00	5.692518E-04
1.596450E-03	1.887918E+01	4.334399E+00	5.812044E-04
1.648549E-03	2.214079E+01	3.586861E+00	5.875602E-04
1.702347E-03	1.829375E+01	3.504788E+00	5.856781E-04
1.757901E-03	4.249967E+01	3.800655E+00	5.818509E-04
1.815268E-03	3.116208E+01	3.266161E+00	5.836350E-04
1.874508E-03	2.378349E+01	2.700964E+00	5.884726E-04
1.935680E-03	4.704580E+01	2.797351E+00	5.871856E-04
1.998849E-03	3.042405E+01	2.222666E+00	5.885884E-04
2.064079E-03	3.959026E+01	2.410428E+00	5.866730E-04
2.131438E-03	3.870498E+01	2.324685E+00	5.866334E-04
2.200995E-03	3.830410E+01	2.188938E+00	5.884360E-04
2.272822E-03	3.125476E+01	1.950993E+00	5.869386E-04
2.346993E-03	2.958891E+01	1.792964E+00	5.897483E-04
2.423585E-03	2.437012E+01	1.609464E+00	5.873766E-04
2.502676E-03	2.939268E+01	1.618396E+00	5.876425E-04
2.584348E-03	3.038999E+01	1.596365E+00	5.842381E-04
2.668685E-03	3.494158E+01	1.494875E+00	5.839109E-04
2.755774E-03	2.972390E+01	1.282709E+00	5.877762E-04
2.845706E-03	2.778647E+01	1.190644E+00	5.860731E-04
2.938572E-03	3.831280E+01	1.247579E+00	5.883110E-04
3.034469E-03	2.895583E+01	1.076177E+00	5.889564E-04
3.133496E-03	2.959539E+01	1.025923E+00	5.878343E-04
3.235754E-03	2.337860E+01	9.157388E-01	5.903011E-04
3.341349E-03	2.358366E+01	8.770555E-01	5.888492E-04
3.450390E-03	2.074414E+01	8.329605E-01	5.896572E-04
3.562990E-03	1.703725E+01	7.688475E-01	5.895653E-04
3.679264E-03	1.496940E+01	7.314219E-01	5.892287E-04
3.799333E-03	1.275035E+01	6.930531E-01	5.895469E-04
3.923320E-03	1.090042E+01	6.735614E-01	5.894088E-04
4.051353E-03	9.108693E+00	6.219527E-01	5.895795E-04
4.183564E-03	6.525036E+00	5.927010E-01	5.893367E-04
4.320090E-03	5.676859E+00	5.596489E-01	5.897839E-04
4.461072E-03	4.668653E+00	5.477796E-01	5.891503E-04
4.606654E-03	4.622784E+00	5.283122E-01	5.896117E-04
4.756987E-03	3.858333E+00	5.055042E-01	5.894217E-04
4.912226E-03	3.312259E+00	4.937549E-01	5.894774E-04
5.072531E-03	3.177755E+00	4.690428E-01	5.895198E-04
5.238067E-03	3.189612E+00	4.556466E-01	5.893738E-04
5.409005E-03	2.957986E+00	4.373670E-01	5.896503E-04
5.585522E-03	2.846566E+00	4.287119E-01	5.893013E-04
5.767799E-03	2.384615E+00	4.167431E-01	5.894250E-04
5.956025E-03	2.631380E+00	4.016865E-01	5.895865E-04
6.150393E-03	2.415915E+00	3.883441E-01	5.895310E-04
6.351104E-03	2.138803E+00	3.753400E-01	5.893899E-04
6.558366E-03	2.099817E+00	3.654916E-01	5.894688E-04
6.772390E-03	1.952307E+00	3.517193E-01	5.895654E-04
6.993400E-03	1.951090E+00	3.416460E-01	5.895039E-04
7.221622E-03	2.025988E+00	3.311314E-01	5.894379E-04
7.457291E-03	2.068690E+00	3.220067E-01	5.894838E-04
7.700651E-03	1.869973E+00	3.089593E-01	5.894729E-04
7.951953E-03	2.088439E+00	3.002825E-01	5.895321E-04
8.211457E-03	1.792407E+00	2.904403E-01	5.894342E-04
8.479428E-03	1.695940E+00	2.808709E-01	5.893546E-04
8.756145E-03	1.682710E+00	2.689975E-01	5.896342E-04
9.041892E-03	1.760400E+00	2.618296E-01	5.893444E-04
9.336964E-03	1.760686E+00	2.539814E-01	5.895225E-04
9.641665E-03	1.775555E+00	2.466960E-01	5.894696E-04
9.956310E-03	1.630664E+00	2.405918E-01	5.894411E-04
1.028122E-02	1.681804E+00	2.318975E-01	5.895298E-04
1.061674E-02	1.434209E+00	2.251375E-01	5.894042E-04
1.096320E-02	1.642285E+00	2.175092E-01	5.895280E-04
1.132098E-02	1.638725E+00	2.111870E-01	5.894489E-04
1.169042E-02	1.641204E+00	2.042331E-01	5.894437E-04
1.207193E-02	1.534281E+00	1.974097E-01	5.895299E-04
1.246588E-02	1.599242E+00	1.920859E-01	5.894342E-04
1.287269E-02	1.509625E+00	1.853604E-01	5.894493E-04
1.329278E-02	1.609881E+00	1.794122E-01	5.893838E-04
1.372657E-02	1.587636E+00	1.734980E-01	5.895469E-04
1.417452E-02	1.573628E+00	1.682883E-01	5.894262E-04
1.463709E-02	1.569170E+00	1.633230E-01	5.894118E-04
1.511476E-02	1.522944E+00	1.584421E-01	5.895083E-04
1.560801E-02	1.601918E+00	1.531463E-01	5.894147E-04
1.611736E-02	1.556636E+00	1.483438E-01	5.894521E-04
1.664333E-02	1.546713E+00	1.437675E-01	5.894036E-04
1.718647E-02	1.576359E+00	1.393711E-01	5.894639E-04
1.774733E-02	1.552553E+00	1.347990E-01	5.894289E-04
1.832650E-02	1.528136E+00	1.306263E-01	5.894260E-04
1.892456E-02	1.518076E+00	1.264695E-01	5.895201E-04
1.954214E-02	1.526060E+00	1.220675E-01	5.903465E-04
2.017988E-02	1.596827E+00	1.190019E-01	5.917365E-04
2.083843E-02	1.600535E+00	1.177622E-01	5.933144E-04
2.151846E-02	1.582876E+00	1.187461E-01	5.944916E-04
2.222069E-02	1.534166E+00	1.224740E-01	5.945803E-04
2.294584E-02	1.584067E+00	1.265922E-01	5.944131E-04
2.369465E-02	1.735918E+00	1.293183E-01	5.944855E-04
2.446790E-02	1.719530E+00	1.330680E-01	5.959279E-04
2.526638E-02	1.751448E+00	1.382548E-01	5.977141E-04
2.609093E-02	1.720643E+00	1.459840E-01	5.996092E-04
2.694237E-02	1.716779E+00	1.585113E-01	6.011136E-04
2.782161E-02	1.747122E+00	1.746001E-01	6.029164E-04
2.872953E-02	1.778829E+00	1.957014E-01	6.056684E-04
2.966709E-02	1.823118E+00	2.212726E-01	6.093490E-04
3.063524E-02	1.656304E+00	2.599153E-01	6.149625E-04
3.163499E-02	1.917201E+00	3.329971E-01	6.204710E-04
3.266736E-02	1.526064E+00	4.598273E-01	6.266252E-04
3.373342E-02	1.368224E+00	7.698376E-01	6.332986E-04
3.483428E-02	2.533819E-01	2.628238E+00	6.387083E-04
