# I(Q)
#Q (1/A)        I (1/cm)        dI (1/cm)       dQ (1/A)
1.449827E-03	-9.720361E-02	1.572100E+01	5.523228E-04
1.497141E-03	1.974586E+01	9.007353E+00	5.607494E-04
1.545998E-03	2.474399E+01	6.969185E+00	5.692518E-04
1.596450E-03	2.270846E+01	5.954699E+00	5.812044E-04
1.648549E-03	2.278541E+01	4.569082E+00	5.875602E-04
1.702347E-03	1.702811E+01	4.681536E+00	5.856781E-04
1.757901E-03	4.058352E+01	4.849043E+00	5.818509E-04
1.815268E-03	3.206111E+01	4.273585E+00	5.836350E-04
1.874508E-03	2.371414E+01	3.622041E+00	5.884726E-04
1.935680E-03	4.748198E+01	3.562790E+00	5.871856E-04
1.998849E-03	2.975140E+01	2.895835E+00	5.885884E-04
2.064079E-03	3.729348E+01	3.045722E+00	5.866730E-04
2.131438E-03	4.375041E+01	3.102111E+00	5.866334E-04
2.200995E-03	3.731516E+01	2.811887E+00	5.884360E-04
2.272822E-03	3.166885E+01	2.583618E+00	5.869386E-04
2.346993E-03	3.018962E+01	2.383006E+00	5.897483E-04
2.423585E-03	2.426309E+01	2.146823E+00	5.873766E-04
2.502676E-03	2.992137E+01	2.130653E+00	5.876425E-04
2.584348E-03	2.931810E+01	2.076643E+00	5.842381E-04
2.668685E-03	3.525925E+01	1.946381E+00	5.839109E-04
2.755774E-03	2.884499E+01	1.661816E+00	5.877762E-04
2.845706E-03	2.834367E+01	1.570623E+00	5.860731E-04
2.938572E-03	3.747957E+01	1.589660E+00	5.883110E-04
3.034469E-03	2.838412E+01	1.391241E+00	5.889564E-04
3.133496E-03	2.963614E+01	1.342184E+00	5.878343E-04
3.235754E-03	2.287326E+01	1.205913E+00	5.903011E-04
3.341349E-03	2.347578E+01	1.159306E+00	5.888492E-04
3.450390E-03	2.074100E+01	1.111646E+00	5.896572E-04
3.562990E-03	1.649689E+01	1.027100E+00	5.895653E-04
3.679264E-03	1.473377E+01	9.852635E-01	5.892287E-04
3.799333E-03	1.225538E+01	9.364942E-01	5.895469E-04
3.923320E-03	1.079966E+01	9.202422E-01	5.894088E-04
4.051353E-03	9.410613E+00	8.592948E-01	5.895795E-04
4.183564E-03	6.651070E+00	8.237741E-01	5.893367E-04
4.320090E-03	5.579825E+00	7.798033E-01	5.897839E-04
4.461072E-03	4.537827E+00	7.647861E-01	5.891503E-04
4.606654E-03	4.791824E+00	7.384875E-01	5.896117E-04
4.756987E-03	4.160747E+00	7.092723E-01	5.894217E-04
4.912226E-03	3.289542E+00	6.932483E-01	5.894774E-04
5.072531E-03	3.162688E+00	6.591309E-01	5.895198E-04
5.238067E-03	3.175228E+00	6.394314E-01	5.893738E-04
5.409005E-03	3.008703E+00	6.150459E-01	5.896503E-04
5.585522E-03	2.856860E+00	6.031718E-01	5.893013E-04
5.767799E-03	2.424626E+00	5.863610E-01	5.894250E-04
5.956025E-03	2.626899E+00	5.648923E-01	5.895865E-04
6.150393E-03	2.305715E+00	5.462866E-01	5.895310E-04
6.351104E-03	2.239484E+00	5.294060E-01	5.893899E-04
6.558366E-03	2.085800E+00	5.150457E-01	5.894688E-04
6.772390E-03	1.956834E+00	4.956209E-01	5.895654E-04
6.993400E-03	1.966055E+00	4.815674E-01	5.895039E-04
7.221622E-03	1.963554E+00	4.666732E-01	5.894379E-04
7.457291E-03	2.076914E+00	4.536075E-01	5.894837E-04
7.700651E-03	1.892636E+00	4.354583E-01	5.894729E-04
7.951953E-03	2.064182E+00	4.231957E-01	5.895321E-04
8.211457E-03	1.767873E+00	4.096326E-01	5.894342E-04
8.479428E-03	1.715720E+00	3.960649E-01	5.893546E-04
8.756145E-03	1.720750E+00	3.793910E-01	5.896342E-04
9.041892E-03	1.695989E+00	3.692217E-01	5.893444E-04
9.336964E-03	1.762690E+00	3.581080E-01	5.895225E-04
9.641665E-03	1.815526E+00	3.476228E-01	5.894696E-04
9.956310E-03	1.634156E+00	3.392714E-01	5.894411E-04
1.028122E-02	1.690384E+00	3.267994E-01	5.895298E-04
1.061674E-02	1.398982E+00	3.176325E-01	5.894042E-04
1.096320E-02	1.616663E+00	3.068530E-01	5.895280E-04
1.132098E-02	1.639538E+00	2.978526E-01	5.894489E-04
1.169042E-02	1.668858E+00	2.880780E-01	5.894437E-04
1.207193E-02	1.565092E+00	2.784797E-01	5.895299E-04
1.246588E-02	1.597091E+00	2.708423E-01	5.894342E-04
1.287269E-02	1.549826E+00	2.614941E-01	5.894493E-04
1.329278E-02	1.578984E+00	2.530067E-01	5.893838E-04
1.372657E-02	1.602094E+00	2.447196E-01	5.895469E-04
1.417452E-02	1.534406E+00	2.374504E-01	5.894262E-04
1.463709E-02	1.558116E+00	2.303701E-01	5.894118E-04
1.511476E-02	1.556693E+00	2.235407E-01	5.895083E-04
1.560801E-02	1.599790E+00	2.160605E-01	5.894147E-04
1.611736E-02	1.562048E+00	2.092809E-01	5.894521E-04
1.664333E-02	1.508741E+00	2.028354E-01	5.894036E-04
1.718647E-02	1.550993E+00	1.966234E-01	5.894639E-04
1.774733E-02	1.561997E+00	1.901973E-01	5.894289E-04
1.832650E-02	1.547467E+00	1.843060E-01	5.894260E-04
1.892456E-02	1.520311E+00	1.784735E-01	5.895201E-04
1.954214E-02	1.502445E+00	1.721988E-01	5.903465E-04
2.017988E-02	1.566903E+00	1.678649E-01	5.917365E-04
2.083843E-02	1.608973E+00	1.661220E-01	5.933144E-04
2.151846E-02	1.553823E+00	1.674979E-01	5.944916E-04
2.222069E-02	1.536642E+00	1.728040E-01	5.945803E-04
2.294584E-02	1.560236E+00	1.786027E-01	5.944131E-04
2.369465E-02	1.710127E+00	1.823917E-01	5.944855E-04
2.446790E-02	1.742135E+00	1.876976E-01	5.959279E-04
2.526638E-02	1.745862E+00	1.949813E-01	5.977141E-04
2.609093E-02	1.729994E+00	2.059297E-01	5.996092E-04
2.694237E-02	1.711133E+00	2.235423E-01	6.011136E-04
2.782161E-02	1.747371E+00	2.463154E-01	6.029164E-04
2.872953E-02	1.791919E+00	2.759830E-01	6.056684E-04
2.966709E-02	1.868869E+00	3.119799E-01	6.093490E-04
3.063524E-02	1.734753E+00	3.666074E-01	6.149625E-04
3.163499E-02	1.839425E+00	4.688887E-01	6.204710E-04
3.266736E-02	1.575375E+00	6.487991E-01	6.266252E-04
3.373342E-02	1.524099E+00	1.083415E+00	6.332986E-04
3.483428E-02	3.939928E-01	3.710529E+00	6.387083E-04
