# I(Q)
#Q (1/A)        I (1/cm)        dI (1/cm)       dQ (1/A)
1.449827E-03	-9.801837E-02	1.924917E+01	5.523228E-04
1.497141E-03	1.577979E+01	1.037745E+01	5.607494E-04
1.545998E-03	1.738157E+01	7.558088E+00	5.692518E-04
1.596450E-03	2.170321E+01	6.658790E+00	5.812044E-04
1.648549E-03	1.779357E+01	5.126492E+00	5.875602E-04
1.702347E-03	2.005437E+01	5.796478E+00	5.856781E-04
1.757901E-03	3.863237E+01	5.708853E+00	5.818509E-04
1.815268E-03	3.392585E+01	5.065929E+00	5.836350E-04
1.874508E-03	2.109452E+01	4.148314E+00	5.884726E-04
1.935680E-03	4.761634E+01	4.093961E+00	5.871856E-04
1.998849E-03	3.085211E+01	3.383133E+00	5.885884E-04
2.064079E-03	3.624193E+01	3.500186E+00	5.866730E-04
2.131438E-03	4.201908E+01	3.592483E+00	5.866334E-04
2.200995E-03	4.358975E+01	3.308174E+00	5.884360E-04
2.272822E-03	3.674403E+01	3.098782E+00	5.869386E-04
2.346993E-03	3.405779E+01	2.837445E+00	5.897483E-04
2.423585E-03	2.869009E+01	2.608123E+00	5.873766E-04
2.502676E-03	3.263019E+01	2.510604E+00	5.876425E-04
2.584348E-03	3.380803E+01	2.503239E+00	5.842381E-04
2.668685E-03	3.834361E+01	2.305749E+00	5.839109E-04
2.755774E-03	3.556749E+01	1.992668E+00	5.877762E-04
2.845706E-03	3.149108E+01	1.862194E+00	5.860731E-04
2.938572E-03	3.901191E+01	1.852896E+00	5.883110E-04
3.034469E-03	3.098806E+01	1.647816E+00	5.889564E-04
3.133496E-03	3.003240E+01	1.562750E+00	5.878343E-04
3.235754E-03	2.649434E+01	1.453899E+00	5.903011E-04
3.341349E-03	2.554553E+01	1.372456E+00	5.888492E-04
3.450390E-03	2.367806E+01	1.321023E+00	5.896572E-04
3.562990E-03	1.804826E+01	1.233446E+00	5.895654E-04
3.679264E-03	1.847375E+01	1.182697E+00	5.892287E-04
3.799333E-03	1.495471E+01	1.127778E+00	5.895469E-04
3.923320E-03	1.323845E+01	1.114643E+00	5.894088E-04
4.051353E-03	1.168065E+01	1.038569E+00	5.895795E-04
4.183564E-03	9.790527E+00	1.006555E+00	5.893367E-04
4.320090E-03	8.915594E+00	9.593097E-01	5.897839E-04
4.461072E-03	8.274035E+00	9.393068E-01	5.891503E-04
4.606654E-03	7.992254E+00	9.035254E-01	5.896117E-04
4.756987E-03	6.860272E+00	8.667177E-01	5.894217E-04
4.912226E-03	6.369522E+00	8.478477E-01	5.894774E-04
5.072531E-03	6.327161E+00	8.095825E-01	5.895198E-04
5.238067E-03	6.022385E+00	7.840365E-01	5.893738E-04
5.409005E-03	5.927803E+00	7.542885E-01	5.896503E-04
5.585522E-03	5.744954E+00	7.386815E-01	5.893013E-04
5.767799E-03	5.473967E+00	7.187669E-01	5.894250E-04
5.956025E-03	5.325041E+00	6.920962E-01	5.895865E-04
6.150393E-03	5.035762E+00	6.693007E-01	5.895310E-04
6.351104E-03	5.459644E+00	6.494321E-01	5.893899E-04
6.558366E-03	5.443731E+00	6.315863E-01	5.894688E-04
6.772390E-03	4.760488E+00	6.071751E-01	5.895654E-04
6.993400E-03	5.002539E+00	5.902200E-01	5.895039E-04
7.221622E-03	4.712942E+00	5.718808E-01	5.894379E-04
7.457291E-03	4.845097E+00	5.561750E-01	5.894838E-04
7.700651E-03	4.610247E+00	5.340870E-01	5.894729E-04
7.951953E-03	4.887107E+00	5.183887E-01	5.895321E-04
8.211457E-03	4.886490E+00	5.027085E-01	5.894342E-04
8.479428E-03	4.635588E+00	4.857607E-01	5.893546E-04
8.756145E-03	4.765055E+00	4.653806E-01	5.896342E-04
9.041892E-03	4.560363E+00	4.532196E-01	5.893444E-04
9.336964E-03	4.708018E+00	4.390498E-01	5.895225E-04
9.641665E-03	4.806533E+00	4.262637E-01	5.894696E-04
9.956310E-03	4.692060E+00	4.164664E-01	5.894411E-04
1.028122E-02	4.649704E+00	4.009061E-01	5.895298E-04
1.061674E-02	4.595555E+00	3.898515E-01	5.894042E-04
1.096320E-02	4.571022E+00	3.764842E-01	5.895280E-04
1.132098E-02	4.389176E+00	3.653051E-01	5.894489E-04
1.169042E-02	4.548424E+00	3.532819E-01	5.894437E-04
1.207193E-02	4.617050E+00	3.413807E-01	5.895299E-04
1.246588E-02	4.297292E+00	3.319644E-01	5.894342E-04
1.287269E-02	4.371971E+00	3.209147E-01	5.894493E-04
1.329278E-02	4.318027E+00	3.100739E-01	5.893838E-04
1.372657E-02	4.493378E+00	3.000891E-01	5.895469E-04
1.417452E-02	4.315058E+00	2.910822E-01	5.894262E-04
1.463709E-02	4.590893E+00	2.824985E-01	5.894118E-04
1.511476E-02	4.354878E+00	2.741733E-01	5.895083E-04
1.560801E-02	4.603590E+00	2.651968E-01	5.894147E-04
1.611736E-02	4.336526E+00	2.566039E-01	5.894521E-04
1.664333E-02	4.378976E+00	2.487893E-01	5.894036E-04
1.718647E-02	4.435492E+00	2.411222E-01	5.894639E-04
1.774733E-02	4.424719E+00	2.332256E-01	5.894289E-04
1.832650E-02	4.344001E+00	2.259219E-01	5.894260E-04
1.892456E-02	4.105852E+00	2.187940E-01	5.895201E-04
1.954214E-02	4.318430E+00	2.111398E-01	5.903465E-04
2.017988E-02	4.040843E+00	2.058533E-01	5.917365E-04
2.083843E-02	4.180664E+00	2.036336E-01	5.933144E-04
2.151846E-02	4.146435E+00	2.053681E-01	5.944916E-04
2.222069E-02	4.036811E+00	2.117810E-01	5.945803E-04
2.294584E-02	4.112690E+00	2.189980E-01	5.944131E-04
2.369465E-02	4.055335E+00	2.236759E-01	5.944855E-04
2.446790E-02	4.261407E+00	2.301832E-01	5.959279E-04
2.526638E-02	4.141922E+00	2.391557E-01	5.977141E-04
2.609093E-02	4.143672E+00	2.525001E-01	5.996092E-04
2.694237E-02	3.848326E+00	2.739652E-01	6.011136E-04
2.782161E-02	3.837178E+00	3.018139E-01	6.029164E-04
2.872953E-02	3.735631E+00	3.382107E-01	6.056684E-04
2.966709E-02	3.698913E+00	3.824250E-01	6.093490E-04
3.063524E-02	3.407554E+00	4.490651E-01	6.149625E-04
3.163499E-02	3.813698E+00	5.756613E-01	6.204710E-04
3.266736E-02	2.728403E+00	7.949146E-01	6.266252E-04
3.373342E-02	2.879982E+00	1.326937E+00	6.332986E-04
3.483428E-02	1.596432E+00	4.536332E+00	6.387083E-04
