# I(Q)
#Q (1/A)        I (1/cm)        dI (1/cm)       dQ (1/A)
1.449827E-03	-9.807208E-02	1.419204E+01	5.523228E-04
1.497141E-03	1.966698E+01	8.168322E+00	5.607494E-04
1.545998E-03	1.766015E+01	5.933611E+00	5.692518E-04
1.596450E-03	2.034133E+01	5.189262E+00	5.812044E-04
1.648549E-03	1.771299E+01	4.000508E+00	5.875602E-04
1.702347E-03	2.286800E+01	4.558850E+00	5.856781E-04
1.757901E-03	3.937940E+01	4.478492E+00	5.818509E-04
1.815268E-03	3.352565E+01	3.969392E+00	5.836350E-04
1.874508E-03	2.249129E+01	3.178397E+00	5.884726E-04
1.935680E-03	4.775324E+01	3.283166E+00	5.871856E-04
1.998849E-03	3.210356E+01	2.669573E+00	5.885884E-04
2.064079E-03	3.807625E+01	2.809726E+00	5.866730E-04
2.131438E-03	4.075486E+01	2.795472E+00	5.866334E-04
2.200995E-03	4.365011E+01	2.623610E+00	5.884360E-04
2.272822E-03	3.678566E+01	2.447967E+00	5.869386E-04
2.346993E-03	3.551777E+01	2.238218E+00	5.897483E-04
2.423585E-03	2.758558E+01	1.990260E+00	5.873766E-04
2.502676E-03	3.183187E+01	1.948320E+00	5.876425E-04
2.584348E-03	3.518992E+01	1.982247E+00	5.842381E-04
2.668685E-03	3.902035E+01	1.815744E+00	5.839109E-04
2.755774E-03	3.474478E+01	1.557683E+00	5.877762E-04
2.845706E-03	3.172571E+01	1.458693E+00	5.860731E-04
2.938572E-03	3.979419E+01	1.485382E+00	5.883110E-04
3.034469E-03	3.174200E+01	1.295883E+00	5.889564E-04
3.133496E-03	3.041387E+01	1.224356E+00	5.878343E-04
3.235754E-03	2.623996E+01	1.130080E+00	5.903011E-04
3.341349E-03	2.493766E+01	1.060666E+00	5.888492E-04
3.450390E-03	2.333225E+01	1.019217E+00	5.896572E-04
3.562990E-03	1.838703E+01	9.452806E-01	5.895654E-04
3.679264E-03	1.866221E+01	9.062635E-01	5.892287E-04
3.799333E-03	1.444902E+01	8.529244E-01	5.895469E-04
3.923320E-03	1.329848E+01	8.426581E-01	5.894088E-04
4.051353E-03	1.150348E+01	7.797744E-01	5.895795E-04
4.183564E-03	9.946481E+00	7.538676E-01	5.893367E-04
4.320090E-03	9.046335E+00	7.162859E-01	5.897839E-04
4.461072E-03	8.122752E+00	6.984239E-01	5.891503E-04
4.606654E-03	7.598137E+00	6.711975E-01	5.896117E-04
4.756987E-03	7.037143E+00	6.437065E-01	5.894217E-04
4.912226E-03	6.406928E+00	6.292752E-01	5.894774E-04
5.072531E-03	6.438615E+00	6.002659E-01	5.895198E-04
5.238067E-03	6.131720E+00	5.815870E-01	5.893738E-04
5.409005E-03	6.147879E+00	5.596194E-01	5.896503E-04
5.585522E-03	5.747886E+00	5.469554E-01	5.893013E-04
5.767799E-03	5.601439E+00	5.327791E-01	5.894250E-04
5.956025E-03	5.244709E+00	5.117706E-01	5.895865E-04
6.150393E-03	5.049285E+00	4.948973E-01	5.895310E-04
6.351104E-03	5.445306E+00	4.806434E-01	5.893899E-04
6.558366E-03	5.486464E+00	4.674061E-01	5.894688E-04
6.772390E-03	4.728887E+00	4.490587E-01	5.895654E-04
6.993400E-03	4.943914E+00	4.366435E-01	5.895039E-04
7.221622E-03	4.746251E+00	4.229993E-01	5.894379E-04
7.457291E-03	4.859302E+00	4.114061E-01	5.894838E-04
7.700651E-03	4.742534E+00	3.953326E-01	5.894729E-04
7.951953E-03	4.918826E+00	3.835404E-01	5.895321E-04
8.211457E-03	4.969654E+00	3.718533E-01	5.894342E-04
8.479428E-03	4.764549E+00	3.590781E-01	5.893546E-04
8.756145E-03	4.760901E+00	3.441689E-01	5.896342E-04
9.041892E-03	4.663942E+00	3.350222E-01	5.893444E-04
9.336964E-03	4.793228E+00	3.249100E-01	5.895225E-04
9.641665E-03	4.789219E+00	3.151058E-01	5.894696E-04
9.956310E-03	4.758798E+00	3.078406E-01	5.894411E-04
1.028122E-02	4.592520E+00	2.963072E-01	5.895298E-04
1.061674E-02	4.563869E+00	2.879656E-01	5.894042E-04
1.096320E-02	4.513952E+00	2.782883E-01	5.895280E-04
1.132098E-02	4.416505E+00	2.699142E-01	5.894489E-04
1.169042E-02	4.543030E+00	2.611094E-01	5.894437E-04
1.207193E-02	4.607840E+00	2.522963E-01	5.895299E-04
1.246588E-02	4.467416E+00	2.453789E-01	5.894342E-04
1.287269E-02	4.437866E+00	2.372842E-01	5.894493E-04
1.329278E-02	4.345868E+00	2.290721E-01	5.893838E-04
1.372657E-02	4.492389E+00	2.218401E-01	5.895469E-04
1.417452E-02	4.293802E+00	2.150615E-01	5.894262E-04
1.463709E-02	4.547329E+00	2.087828E-01	5.894118E-04
1.511476E-02	4.361097E+00	2.025827E-01	5.895083E-04
1.560801E-02	4.615245E+00	1.959250E-01	5.894147E-04
1.611736E-02	4.341265E+00	1.895749E-01	5.894521E-04
1.664333E-02	4.401885E+00	1.838643E-01	5.894036E-04
1.718647E-02	4.462074E+00	1.781745E-01	5.894639E-04
1.774733E-02	4.376554E+00	1.723379E-01	5.894289E-04
1.832650E-02	4.365073E+00	1.669209E-01	5.894260E-04
1.892456E-02	4.144678E+00	1.616349E-01	5.895201E-04
1.954214E-02	4.256261E+00	1.559734E-01	5.903465E-04
2.017988E-02	4.104874E+00	1.520771E-01	5.917365E-04
2.083843E-02	4.140843E+00	1.504335E-01	5.933144E-04
2.151846E-02	4.148776E+00	1.517710E-01	5.944916E-04
2.222069E-02	4.077724E+00	1.564536E-01	5.945803E-04
2.294584E-02	4.086433E+00	1.617928E-01	5.944131E-04
2.369465E-02	4.133100E+00	1.653355E-01	5.944855E-04
2.446790E-02	4.279171E+00	1.701039E-01	5.959279E-04
2.526638E-02	4.105013E+00	1.767182E-01	5.977141E-04
2.609093E-02	4.184367E+00	1.866928E-01	5.996092E-04
2.694237E-02	3.897147E+00	2.024887E-01	6.011136E-04
2.782161E-02	3.805772E+00	2.230489E-01	6.029164E-04
2.872953E-02	3.719683E+00	2.500413E-01	6.056684E-04
2.966709E-02	3.637960E+00	2.827557E-01	6.093490E-04
3.063524E-02	3.443039E+00	3.319894E-01	6.149625E-04
3.163499E-02	3.623451E+00	4.255626E-01	6.204710E-04
3.266736E-02	2.729506E+00	5.876679E-01	6.266252E-04
3.373342E-02	2.745450E+00	9.843149E-01	6.332986E-04
3.483428E-02	1.153689E+00	3.345050E+00	6.387083E-04
