# I(Q)
#Q (1/A)        I (1/cm)        dI (1/cm)       dQ (1/A)
1.449828E-03	-9.804568E-02	5.391455E+01	5.523228E-04
1.497141E-03	2.207260E+01	2.784474E+01	5.607494E-04
1.545999E-03	2.202897E+01	2.014841E+01	5.692518E-04
1.596451E-03	3.176395E+01	1.728358E+01	5.812044E-04
1.648549E-03	1.886674E+01	1.322080E+01	5.875602E-04
1.702347E-03	1.849282E+01	1.499584E+01	5.856781E-04
1.757902E-03	3.732462E+01	1.408256E+01	5.818510E-04
1.815269E-03	3.644710E+01	1.241072E+01	5.836350E-04
1.874508E-03	1.770918E+01	1.100424E+01	5.884726E-04
1.935681E-03	4.921472E+01	9.838970E+00	5.871856E-04
1.998849E-03	2.853752E+01	8.517720E+00	5.885884E-04
2.064079E-03	3.442003E+01	8.741628E+00	5.866730E-04
2.131438E-03	4.016886E+01	8.761187E+00	5.866334E-04
2.200995E-03	4.370877E+01	8.093046E+00	5.884360E-04
2.272822E-03	3.361137E+01	7.793189E+00	5.869386E-04
2.346993E-03	3.779111E+01	7.201028E+00	5.897483E-04
2.423585E-03	2.992330E+01	6.759247E+00	5.873766E-04
2.502676E-03	3.701324E+01	6.259030E+00	5.876425E-04
2.584348E-03	3.291543E+01	6.222130E+00	5.842382E-04
2.668685E-03	3.719016E+01	5.613297E+00	5.839109E-04
2.755775E-03	3.254688E+01	4.885663E+00	5.877762E-04
2.845706E-03	3.220193E+01	4.684979E+00	5.860731E-04
2.938573E-03	3.894076E+01	4.444901E+00	5.883110E-04
3.034470E-03	3.299624E+01	4.126899E+00	5.889564E-04
3.133496E-03	3.240373E+01	3.966564E+00	5.878343E-04
3.235755E-03	2.506642E+01	3.681870E+00	5.903011E-04
3.341350E-03	2.440985E+01	3.528934E+00	5.888492E-04
3.450391E-03	2.494213E+01	3.422525E+00	5.896572E-04
3.562991E-03	1.848062E+01	3.257991E+00	5.895654E-04
3.679265E-03	1.810448E+01	3.128307E+00	5.892287E-04
3.799333E-03	1.508141E+01	3.023643E+00	5.895469E-04
3.923320E-03	1.290640E+01	2.984246E+00	5.894088E-04
4.051354E-03	1.172250E+01	2.830993E+00	5.895795E-04
4.183565E-03	1.055265E+01	2.766626E+00	5.893367E-04
4.320091E-03	8.330604E+00	2.632060E+00	5.897839E-04
4.461072E-03	8.459317E+00	2.593430E+00	5.891503E-04
4.606654E-03	8.441774E+00	2.502856E+00	5.896117E-04
4.756987E-03	7.018381E+00	2.406773E+00	5.894217E-04
4.912226E-03	5.742600E+00	2.360845E+00	5.894774E-04
5.072531E-03	6.353605E+00	2.251527E+00	5.895198E-04
5.238067E-03	6.171616E+00	2.182864E+00	5.893738E-04
5.409006E-03	5.198778E+00	2.098040E+00	5.896504E-04
5.585523E-03	6.129115E+00	2.057776E+00	5.893013E-04
5.767800E-03	5.866921E+00	2.001876E+00	5.894250E-04
5.956026E-03	5.071613E+00	1.930842E+00	5.895865E-04
6.150394E-03	5.225878E+00	1.867556E+00	5.895310E-04
6.351105E-03	5.475081E+00	1.811877E+00	5.893899E-04
6.558366E-03	5.551152E+00	1.761724E+00	5.894688E-04
6.772391E-03	5.116069E+00	1.696114E+00	5.895654E-04
6.993400E-03	5.003198E+00	1.647883E+00	5.895039E-04
7.221622E-03	4.726733E+00	1.596695E+00	5.894379E-04
7.457292E-03	4.490945E+00	1.552432E+00	5.894838E-04
7.700652E-03	4.566315E+00	1.490581E+00	5.894729E-04
7.951954E-03	4.522363E+00	1.447681E+00	5.895321E-04
8.211457E-03	4.880118E+00	1.403007E+00	5.894342E-04
8.479429E-03	4.670169E+00	1.356254E+00	5.893546E-04
8.756146E-03	4.509058E+00	1.298686E+00	5.896342E-04
9.041893E-03	4.561956E+00	1.264510E+00	5.893444E-04
9.336965E-03	4.665930E+00	1.226545E+00	5.895225E-04
9.641666E-03	4.930170E+00	1.190468E+00	5.894696E-04
9.956311E-03	4.422801E+00	1.162621E+00	5.894411E-04
1.028122E-02	4.608428E+00	1.118897E+00	5.895298E-04
1.061674E-02	4.764451E+00	1.088396E+00	5.894042E-04
1.096321E-02	4.249217E+00	1.051118E+00	5.895280E-04
1.132098E-02	4.402060E+00	1.020490E+00	5.894489E-04
1.169042E-02	4.644342E+00	9.868381E-01	5.894437E-04
1.207193E-02	4.653582E+00	9.538503E-01	5.895300E-04
1.246588E-02	4.311366E+00	9.278237E-01	5.894342E-04
1.287269E-02	4.299195E+00	8.961569E-01	5.894493E-04
1.329278E-02	4.448217E+00	8.664055E-01	5.893838E-04
1.372657E-02	4.412766E+00	8.383699E-01	5.895469E-04
1.417452E-02	4.383250E+00	8.135238E-01	5.894262E-04
1.463709E-02	4.476356E+00	7.890774E-01	5.894118E-04
1.511476E-02	4.257326E+00	7.657117E-01	5.895083E-04
1.560801E-02	4.692678E+00	7.404585E-01	5.894147E-04
1.611736E-02	4.291662E+00	7.169028E-01	5.894521E-04
1.664333E-02	4.158478E+00	6.949792E-01	5.894036E-04
1.718647E-02	4.422048E+00	6.736817E-01	5.894639E-04
1.774733E-02	4.364635E+00	6.517306E-01	5.894289E-04
1.832650E-02	4.431481E+00	6.314601E-01	5.894260E-04
1.892456E-02	4.136799E+00	6.113978E-01	5.895202E-04
1.954214E-02	4.303408E+00	5.898901E-01	5.903465E-04
2.017988E-02	4.156139E+00	5.750672E-01	5.917365E-04
2.083843E-02	4.248636E+00	5.690298E-01	5.933144E-04
2.151846E-02	4.032889E+00	5.737405E-01	5.944916E-04
2.222070E-02	4.155673E+00	5.919003E-01	5.945803E-04
2.294584E-02	3.995008E+00	6.119810E-01	5.944131E-04
2.369465E-02	4.052565E+00	6.247996E-01	5.944855E-04
2.446790E-02	4.345176E+00	6.430244E-01	5.959279E-04
2.526639E-02	4.107838E+00	6.679099E-01	5.977141E-04
2.609093E-02	4.141571E+00	7.053315E-01	5.996092E-04
2.694237E-02	3.903668E+00	7.656222E-01	6.011136E-04
2.782161E-02	3.818208E+00	8.431587E-01	6.029164E-04
2.872953E-02	3.889659E+00	9.446713E-01	6.056684E-04
2.966709E-02	3.713523E+00	1.067683E+00	6.093490E-04
3.063524E-02	3.329569E+00	1.254250E+00	6.149625E-04
3.163499E-02	3.843039E+00	1.604359E+00	6.204711E-04
3.266736E-02	2.413456E+00	2.217217E+00	6.266252E-04
3.373342E-02	2.679000E+00	3.706603E+00	6.332986E-04
3.483428E-02	-8.841671E-02	1.270259E+01	6.387083E-04
