# I(Q)
#Q (1/A)        I (1/cm)        dI (1/cm)       dQ (1/A)
1.449828E-03	-9.802445E-02	8.984258E+01	5.523228E-04
1.497141E-03	1.244717E+01	4.602962E+01	5.607494E-04
1.545999E-03	3.005696E+01	3.357333E+01	5.692518E-04
1.596451E-03	3.573440E+01	2.805900E+01	5.812044E-04
1.648549E-03	2.223211E+01	2.168483E+01	5.875602E-04
1.702348E-03	1.536967E+01	2.444667E+01	5.856781E-04
1.757902E-03	3.104827E+01	2.254461E+01	5.818510E-04
1.815269E-03	2.979377E+01	1.989033E+01	5.836350E-04
1.874508E-03	1.883842E+01	1.823588E+01	5.884726E-04
1.935681E-03	5.429204E+01	1.586351E+01	5.871856E-04
1.998849E-03	3.288435E+01	1.396329E+01	5.885884E-04
2.064080E-03	3.623396E+01	1.431563E+01	5.866730E-04
2.131439E-03	4.239226E+01	1.407861E+01	5.866334E-04
2.200996E-03	4.331993E+01	1.309379E+01	5.884360E-04
2.272823E-03	3.036269E+01	1.268874E+01	5.869386E-04
2.346994E-03	4.205868E+01	1.159549E+01	5.897483E-04
2.423585E-03	2.823902E+01	1.112967E+01	5.873766E-04
2.502676E-03	3.846344E+01	1.020749E+01	5.876425E-04
2.584348E-03	3.585660E+01	1.018217E+01	5.842382E-04
2.668686E-03	3.525902E+01	9.088975E+00	5.839109E-04
2.755775E-03	3.159130E+01	7.943232E+00	5.877762E-04
2.845707E-03	3.319597E+01	7.667572E+00	5.860731E-04
2.938573E-03	4.034952E+01	7.158984E+00	5.883110E-04
3.034470E-03	3.011280E+01	6.693963E+00	5.889564E-04
3.133497E-03	3.251040E+01	6.450667E+00	5.878343E-04
3.235755E-03	2.568728E+01	6.033335E+00	5.903011E-04
3.341350E-03	2.447945E+01	5.788593E+00	5.888492E-04
3.450391E-03	2.326846E+01	5.584335E+00	5.896572E-04
3.562991E-03	1.920107E+01	5.375008E+00	5.895654E-04
3.679265E-03	1.908039E+01	5.174679E+00	5.892287E-04
3.799334E-03	1.516256E+01	5.001417E+00	5.895469E-04
3.923321E-03	1.332507E+01	4.943706E+00	5.894088E-04
4.051354E-03	1.219727E+01	4.698615E+00	5.895795E-04
4.183565E-03	9.848801E+00	4.599770E+00	5.893367E-04
4.320091E-03	8.819698E+00	4.380334E+00	5.897839E-04
4.461072E-03	7.344190E+00	4.313979E+00	5.891503E-04
4.606655E-03	8.739085E+00	4.163312E+00	5.896117E-04
4.756988E-03	6.651931E+00	4.004969E+00	5.894217E-04
4.912227E-03	5.016786E+00	3.929703E+00	5.894774E-04
5.072531E-03	6.425729E+00	3.746670E+00	5.895198E-04
5.238068E-03	6.241765E+00	3.633449E+00	5.893738E-04
5.409006E-03	6.080664E+00	3.495148E+00	5.896504E-04
5.585523E-03	6.097644E+00	3.426549E+00	5.893013E-04
5.767800E-03	6.008912E+00	3.333292E+00	5.894250E-04
5.956026E-03	5.435441E+00	3.216327E+00	5.895866E-04
6.150394E-03	5.040039E+00	3.110293E+00	5.895310E-04
6.351105E-03	5.432694E+00	3.017236E+00	5.893899E-04
6.558367E-03	6.130259E+00	2.934911E+00	5.894688E-04
6.772392E-03	5.373406E+00	2.825312E+00	5.895654E-04
6.993401E-03	5.163214E+00	2.745100E+00	5.895039E-04
7.221623E-03	4.422484E+00	2.660367E+00	5.894379E-04
7.457292E-03	4.240411E+00	2.585621E+00	5.894838E-04
7.700653E-03	4.745839E+00	2.483256E+00	5.894729E-04
7.951955E-03	4.315136E+00	2.411126E+00	5.895321E-04
8.211458E-03	5.211758E+00	2.337055E+00	5.894342E-04
8.479429E-03	4.676630E+00	2.259527E+00	5.893546E-04
8.756146E-03	4.316531E+00	2.163275E+00	5.896342E-04
9.041893E-03	4.550392E+00	2.106175E+00	5.893444E-04
9.336965E-03	4.929692E+00	2.043506E+00	5.895225E-04
9.641666E-03	4.722752E+00	1.982841E+00	5.894696E-04
9.956311E-03	4.520248E+00	1.936719E+00	5.894417E-04
1.028122E-02	4.606979E+00	1.863911E+00	5.895293E-04
1.061674E-02	5.065716E+00	1.813173E+00	5.894042E-04
1.096321E-02	4.092099E+00	1.751154E+00	5.895280E-04
1.132098E-02	4.377972E+00	1.700043E+00	5.894489E-04
1.169043E-02	4.713177E+00	1.644002E+00	5.894437E-04
1.207193E-02	4.636400E+00	1.589072E+00	5.895300E-04
1.246588E-02	4.422201E+00	1.545687E+00	5.894342E-04
1.287269E-02	4.265532E+00	1.492788E+00	5.894493E-04
1.329278E-02	4.676469E+00	1.443465E+00	5.893838E-04
1.372657E-02	4.267986E+00	1.396652E+00	5.895469E-04
1.417452E-02	4.376396E+00	1.354971E+00	5.894262E-04
1.463709E-02	4.465109E+00	1.314633E+00	5.894118E-04
1.511476E-02	4.472215E+00	1.275716E+00	5.895083E-04
1.560801E-02	4.632894E+00	1.233500E+00	5.894147E-04
1.611736E-02	4.258984E+00	1.194358E+00	5.894521E-04
1.664333E-02	4.161956E+00	1.157722E+00	5.894036E-04
1.718647E-02	4.491062E+00	1.122307E+00	5.894639E-04
1.774733E-02	4.413372E+00	1.085783E+00	5.894289E-04
1.832650E-02	4.415076E+00	1.051868E+00	5.894260E-04
1.892456E-02	4.107290E+00	1.018537E+00	5.895202E-04
1.954214E-02	4.185691E+00	9.827969E-01	5.903465E-04
2.017988E-02	4.264697E+00	9.580884E-01	5.917365E-04
2.083843E-02	4.284741E+00	9.479099E-01	5.933144E-04
2.151846E-02	4.018034E+00	9.558469E-01	5.944916E-04
2.222070E-02	4.016035E+00	9.861519E-01	5.945804E-04
2.294584E-02	4.005456E+00	1.019470E+00	5.944131E-04
2.369466E-02	3.977848E+00	1.040846E+00	5.944855E-04
2.446790E-02	4.460599E+00	1.071130E+00	5.959279E-04
2.526639E-02	4.233842E+00	1.112710E+00	5.977141E-04
2.609093E-02	4.343585E+00	1.174951E+00	5.996092E-04
2.694237E-02	3.888023E+00	1.275461E+00	6.011136E-04
2.782161E-02	3.823954E+00	1.404612E+00	6.029164E-04
2.872953E-02	4.061067E+00	1.573541E+00	6.056684E-04
2.966709E-02	3.690854E+00	1.778401E+00	6.093491E-04
3.063524E-02	3.409056E+00	2.089646E+00	6.149625E-04
3.163499E-02	3.349535E+00	2.671646E+00	6.204711E-04
3.266736E-02	2.434393E+00	3.693753E+00	6.266252E-04
3.373342E-02	2.957407E+00	6.176198E+00	6.332986E-04
3.483428E-02	-8.839765E-02	2.116598E+01	6.387083E-04
