# I(Q)
#Q (1/A)        I (1/cm)        dI (1/cm)       dQ (1/A)
1.449827E-03	-9.810907E-02	1.198940E+01	5.523228E-04
1.497141E-03	1.742178E+01	6.950607E+00	5.607494E-04
1.545998E-03	1.904859E+01	5.233813E+00	5.692518E-04
1.596450E-03	2.079156E+01	4.533635E+00	5.812044E-04
1.648549E-03	1.754877E+01	3.458875E+00	5.875602E-04
1.702347E-03	2.238066E+01	3.955613E+00	5.856781E-04
1.757901E-03	3.876331E+01	3.926392E+00	5.818509E-04
1.815268E-03	3.200556E+01	3.451728E+00	5.836350E-04
1.874508E-03	2.372060E+01	2.808399E+00	5.884726E-04
1.935680E-03	4.810540E+01	2.936727E+00	5.871856E-04
1.998849E-03	3.247545E+01	2.378179E+00	5.885884E-04
2.064079E-03	3.920435E+01	2.498698E+00	5.866730E-04
2.131438E-03	4.167649E+01	2.473774E+00	5.866334E-04
2.200995E-03	4.462037E+01	2.338689E+00	5.884360E-04
2.272822E-03	3.590660E+01	2.139550E+00	5.869386E-04
2.346993E-03	3.500297E+01	1.966622E+00	5.897483E-04
2.423585E-03	2.668513E+01	1.717489E+00	5.873766E-04
2.502676E-03	3.192360E+01	1.706811E+00	5.876425E-04
2.584348E-03	3.603157E+01	1.750544E+00	5.842381E-04
2.668685E-03	3.879234E+01	1.600423E+00	5.839109E-04
2.755774E-03	3.453738E+01	1.368904E+00	5.877762E-04
2.845706E-03	3.160795E+01	1.274352E+00	5.860731E-04
2.938572E-03	3.968629E+01	1.317073E+00	5.883110E-04
3.034469E-03	3.147813E+01	1.136268E+00	5.889564E-04
3.133496E-03	3.072864E+01	1.079688E+00	5.878343E-04
3.235754E-03	2.652159E+01	9.859042E-01	5.903011E-04
3.341349E-03	2.484507E+01	9.254121E-01	5.888492E-04
3.450390E-03	2.316518E+01	8.867588E-01	5.896572E-04
3.562990E-03	1.878498E+01	8.221154E-01	5.895653E-04
3.679264E-03	1.871867E+01	7.883852E-01	5.892287E-04
3.799333E-03	1.450789E+01	7.364470E-01	5.895469E-04
3.923320E-03	1.310779E+01	7.237297E-01	5.894088E-04
4.051353E-03	1.144819E+01	6.663185E-01	5.895795E-04
4.183564E-03	1.014390E+01	6.447693E-01	5.893367E-04
4.320090E-03	9.005383E+00	6.116635E-01	5.897839E-04
4.461072E-03	8.025880E+00	5.943715E-01	5.891503E-04
4.606654E-03	7.673749E+00	5.724597E-01	5.896117E-04
4.756987E-03	7.040456E+00	5.474812E-01	5.894217E-04
4.912226E-03	6.541464E+00	5.346966E-01	5.894774E-04
5.072531E-03	6.584822E+00	5.097742E-01	5.895198E-04
5.238067E-03	6.084066E+00	4.937048E-01	5.893738E-04
5.409005E-03	6.109913E+00	4.746167E-01	5.896503E-04
5.585522E-03	5.648636E+00	4.637925E-01	5.893013E-04
5.767799E-03	5.595419E+00	4.514597E-01	5.894250E-04
5.956025E-03	5.422100E+00	4.336253E-01	5.895865E-04
6.150393E-03	5.060149E+00	4.191380E-01	5.895310E-04
6.351104E-03	5.487474E+00	4.071983E-01	5.893899E-04
6.558366E-03	5.382986E+00	3.961406E-01	5.894688E-04
6.772390E-03	4.674907E+00	3.802076E-01	5.895654E-04
6.993400E-03	4.905493E+00	3.697704E-01	5.895039E-04
7.221622E-03	4.740062E+00	3.581605E-01	5.894379E-04
7.457291E-03	4.845205E+00	3.483577E-01	5.894838E-04
7.700651E-03	4.736361E+00	3.346992E-01	5.894729E-04
7.951953E-03	4.867790E+00	3.250043E-01	5.895321E-04
8.211457E-03	4.941293E+00	3.148368E-01	5.894342E-04
8.479428E-03	4.760982E+00	3.043282E-01	5.893546E-04
8.756145E-03	4.730709E+00	2.916657E-01	5.896342E-04
9.041892E-03	4.755410E+00	2.839263E-01	5.893444E-04
9.336964E-03	4.755164E+00	2.751308E-01	5.895225E-04
9.641665E-03	4.761277E+00	2.669542E-01	5.894696E-04
9.956310E-03	4.774286E+00	2.606430E-01	5.894411E-04
1.028122E-02	4.587195E+00	2.509794E-01	5.895298E-04
1.061674E-02	4.547143E+00	2.436821E-01	5.894042E-04
1.096320E-02	4.530420E+00	2.356645E-01	5.895280E-04
1.132098E-02	4.455785E+00	2.285009E-01	5.894489E-04
1.169042E-02	4.541893E+00	2.210591E-01	5.894437E-04
1.207193E-02	4.635786E+00	2.136861E-01	5.895299E-04
1.246588E-02	4.481016E+00	2.078147E-01	5.894342E-04
1.287269E-02	4.443579E+00	2.008543E-01	5.894493E-04
1.329278E-02	4.318905E+00	1.938605E-01	5.893838E-04
1.372657E-02	4.489687E+00	1.878177E-01	5.895469E-04
1.417452E-02	4.317162E+00	1.820786E-01	5.894262E-04
1.463709E-02	4.527281E+00	1.767131E-01	5.894118E-04
1.511476E-02	4.383791E+00	1.715020E-01	5.895083E-04
1.560801E-02	4.605670E+00	1.658597E-01	5.894147E-04
1.611736E-02	4.394378E+00	1.604956E-01	5.894521E-04
1.664333E-02	4.395571E+00	1.556199E-01	5.894036E-04
1.718647E-02	4.430833E+00	1.508448E-01	5.894639E-04
1.774733E-02	4.402890E+00	1.458769E-01	5.894289E-04
1.832650E-02	4.354088E+00	1.412818E-01	5.894260E-04
1.892456E-02	4.145654E+00	1.367746E-01	5.895201E-04
1.954214E-02	4.285498E+00	1.320080E-01	5.903465E-04
2.017988E-02	4.096078E+00	1.286988E-01	5.917365E-04
2.083843E-02	4.124348E+00	1.273453E-01	5.933144E-04
2.151846E-02	4.099929E+00	1.284554E-01	5.944916E-04
2.222069E-02	4.068179E+00	1.324104E-01	5.945803E-04
2.294584E-02	4.068807E+00	1.369071E-01	5.944131E-04
2.369465E-02	4.120046E+00	1.399342E-01	5.944855E-04
2.446790E-02	4.306331E+00	1.440414E-01	5.959279E-04
2.526638E-02	4.092296E+00	1.495548E-01	5.977141E-04
2.609093E-02	4.167848E+00	1.580222E-01	5.996092E-04
2.694237E-02	3.918764E+00	1.714145E-01	6.011136E-04
2.782161E-02	3.812305E+00	1.888913E-01	6.029164E-04
2.872953E-02	3.721782E+00	2.116535E-01	6.056684E-04
2.966709E-02	3.634968E+00	2.394552E-01	6.093490E-04
3.063524E-02	3.386117E+00	2.811037E-01	6.149625E-04
3.163499E-02	3.558847E+00	3.605850E-01	6.204710E-04
3.266736E-02	2.717993E+00	4.974193E-01	6.266252E-04
3.373342E-02	2.736637E+00	8.338318E-01	6.332986E-04
3.483428E-02	9.608313E-01	2.826263E+00	6.387083E-04
