# I(Q)
#Q (1/A)        I (1/cm)        dI (1/cm)       dQ (1/A)
1.794759E-02	5.605911E+00	6.205284E-01	3.211060E-03
1.863508E-02	5.108104E+00	2.547257E-01	3.239493E-03
1.934889E-02	4.943217E+00	1.635066E-01	3.273277E-03
2.009006E-02	5.049241E+00	1.072651E-01	3.308797E-03
2.085961E-02	5.118697E+00	9.194580E-02	3.377552E-03
2.165863E-02	4.965058E+00	7.826846E-02	3.423515E-03
2.248827E-02	5.112523E+00	7.040043E-02	3.441899E-03
2.334968E-02	5.232162E+00	5.955935E-02	3.502746E-03
2.424410E-02	5.007892E+00	5.111080E-02	3.538493E-03
2.517277E-02	5.019044E+00	4.574907E-02	3.570288E-03
2.613701E-02	5.022274E+00	4.117361E-02	3.596249E-03
2.713819E-02	4.899681E+00	3.679248E-02	3.640983E-03
2.817772E-02	4.949082E+00	3.345807E-02	3.677528E-03
2.925707E-02	4.951997E+00	3.111527E-02	3.672997E-03
3.037776E-02	4.990505E+00	2.808459E-02	3.744495E-03
3.154138E-02	4.893147E+00	2.610496E-02	3.766569E-03
3.274958E-02	4.954878E+00	2.392971E-02	3.809125E-03
3.400405E-02	4.909644E+00	2.252638E-02	3.834152E-03
3.530658E-02	4.880594E+00	2.082952E-02	3.852369E-03
3.665900E-02	4.866843E+00	1.901046E-02	3.905705E-03
3.806323E-02	4.890682E+00	1.818771E-02	3.920975E-03
3.952124E-02	4.832446E+00	1.692680E-02	3.962965E-03
4.103510E-02	4.843996E+00	1.601078E-02	4.005044E-03
4.260696E-02	4.780327E+00	1.497335E-02	4.024200E-03
4.423902E-02	4.797313E+00	1.424409E-02	4.061148E-03
4.593360E-02	4.769033E+00	1.372940E-02	4.049850E-03
4.769308E-02	4.693828E+00	1.267787E-02	4.092347E-03
4.951997E-02	4.619317E+00	1.210014E-02	4.113838E-03
5.141684E-02	4.549628E+00	1.143402E-02	4.126236E-03
5.338636E-02	4.472605E+00	1.092071E-02	4.154428E-03
5.543133E-02	4.361028E+00	1.025361E-02	4.160449E-03
5.755463E-02	4.270372E+00	9.766174E-03	4.174723E-03
5.975926E-02	4.165381E+00	9.207518E-03	4.200923E-03
6.204834E-02	4.021011E+00	8.828776E-03	4.191885E-03
6.442511E-02	3.898516E+00	8.157856E-03	4.223763E-03
6.689292E-02	3.750138E+00	7.751045E-03	4.227190E-03
6.945525E-02	3.599396E+00	7.343578E-03	4.228092E-03
7.211574E-02	3.459415E+00	6.897176E-03	4.242864E-03
7.487814E-02	3.293217E+00	6.451073E-03	4.253528E-03
7.774635E-02	3.116624E+00	6.089692E-03	4.256544E-03
8.072443E-02	2.951385E+00	5.700630E-03	4.263404E-03
8.381658E-02	2.790001E+00	5.310787E-03	4.272513E-03
8.702718E-02	2.621671E+00	4.956243E-03	4.270559E-03
9.036076E-02	2.463522E+00	4.653484E-03	4.282844E-03
9.382204E-02	2.299767E+00	4.297477E-03	4.304798E-03
9.741589E-02	2.146249E+00	4.000053E-03	4.305677E-03
1.011474E-01	1.995845E+00	3.707977E-03	4.318678E-03
1.050219E-01	1.840048E+00	3.428461E-03	4.322894E-03
1.090447E-01	1.690112E+00	3.161152E-03	4.337041E-03
1.132217E-01	1.553764E+00	2.927806E-03	4.346153E-03
1.175587E-01	1.417944E+00	2.689557E-03	4.360116E-03
1.220618E-01	1.288459E+00	2.470909E-03	4.375197E-03
1.267373E-01	1.167445E+00	2.263543E-03	4.385646E-03
1.315920E-01	1.054462E+00	2.076202E-03	4.405074E-03
1.366327E-01	9.449053E-01	1.883507E-03	4.423860E-03
1.418664E-01	8.469858E-01	1.719324E-03	4.439392E-03
1.473006E-01	7.584838E-01	1.563702E-03	4.457290E-03
1.529429E-01	6.777940E-01	1.430365E-03	4.477093E-03
1.588014E-01	6.081255E-01	1.295876E-03	4.504272E-03
1.648843E-01	5.506490E-01	1.192282E-03	4.524072E-03
1.712002E-01	5.020066E-01	1.094251E-03	4.553757E-03
1.777581E-01	4.606180E-01	1.011559E-03	4.576649E-03
1.845671E-01	4.271376E-01	9.330195E-04	4.614428E-03
1.916370E-01	4.056913E-01	8.795925E-04	4.638351E-03
1.989776E-01	3.854355E-01	8.244329E-04	4.673782E-03
2.065995E-01	3.706292E-01	7.778087E-04	4.711036E-03
2.145133E-01	3.576249E-01	7.365346E-04	4.758036E-03
2.227302E-01	3.502602E-01	7.040683E-04	4.815196E-03
2.312619E-01	3.443069E-01	6.750396E-04	4.897078E-03
2.401204E-01	3.406150E-01	6.521308E-04	4.988628E-03
2.493182E-01	3.364434E-01	6.302440E-04	5.093892E-03
2.588684E-01	3.327422E-01	6.125166E-04	5.210445E-03
2.687843E-01	3.276223E-01	5.959498E-04	5.351128E-03
2.790801E-01	3.240050E-01	5.829293E-04	5.511851E-03
2.897703E-01	3.187799E-01	5.685085E-04	5.694380E-03
3.008700E-01	3.116615E-01	5.575831E-04	5.900728E-03
3.123948E-01	3.057612E-01	5.439816E-04	6.136226E-03
3.243611E-01	2.988375E-01	5.328144E-04	6.397044E-03
3.367858E-01	2.915158E-01	5.226830E-04	6.681118E-03
3.496864E-01	2.844724E-01	5.136459E-04	6.976792E-03
3.630812E-01	2.765448E-01	5.060985E-04	7.289217E-03
3.769890E-01	2.700037E-01	5.022208E-04	7.616647E-03
3.914296E-01	2.623277E-01	5.000233E-04	7.954807E-03
4.064233E-01	2.565739E-01	5.011029E-04	8.309129E-03
4.219914E-01	2.502025E-01	5.047958E-04	8.676317E-03
4.381558E-01	2.435108E-01	5.113240E-04	9.054990E-03
4.549394E-01	2.390053E-01	5.265084E-04	9.438781E-03
4.723659E-01	2.342897E-01	5.465734E-04	9.833325E-03
4.904599E-01	2.305654E-01	5.756516E-04	1.022779E-02
5.092470E-01	2.286208E-01	6.182149E-04	1.063714E-02
5.287537E-01	2.263577E-01	6.703828E-04	1.106182E-02
5.490076E-01	2.239118E-01	7.373689E-04	1.151798E-02
5.700374E-01	2.190243E-01	8.250944E-04	1.198655E-02
5.918727E-01	2.136358E-01	9.556905E-04	1.244451E-02
6.145444E-01	2.105510E-01	1.139070E-03	1.293115E-02
6.380846E-01	2.031645E-01	1.388208E-03	1.345131E-02
6.625265E-01	1.989481E-01	1.818606E-03	1.398872E-02
6.879046E-01	1.924488E-01	2.630023E-03	1.451619E-02
7.142548E-01	1.721403E-01	4.234059E-03	1.508464E-02
7.416144E-01	1.422754E-01	1.073768E-02	1.550961E-02
