# I(Q)
#Q (1/A)        I (1/cm)        dI (1/cm)       dQ (1/A)
1.449827E-03	5.837331E+00	1.307556E+01	5.523228E-04
1.497141E-03	2.623512E+01	7.908395E+00	5.607494E-04
1.545998E-03	2.472543E+01	5.918151E+00	5.692518E-04
1.596450E-03	1.375724E+01	4.487579E+00	5.812044E-04
1.648549E-03	2.015740E+01	3.760504E+00	5.875602E-04
1.702347E-03	2.640776E+01	4.249390E+00	5.856781E-04
1.757901E-03	4.348983E+01	4.164545E+00	5.818509E-04
1.815268E-03	4.025807E+01	3.835732E+00	5.836350E-04
1.874508E-03	2.934998E+01	3.178979E+00	5.884726E-04
1.935680E-03	5.783775E+01	3.270011E+00	5.871856E-04
1.998849E-03	3.791208E+01	2.588563E+00	5.885884E-04
2.064079E-03	4.881116E+01	2.826472E+00	5.866730E-04
2.131438E-03	4.233454E+01	2.596537E+00	5.866334E-04
2.200995E-03	4.820892E+01	2.538253E+00	5.884360E-04
2.272822E-03	3.865388E+01	2.271786E+00	5.869386E-04
2.346993E-03	4.005435E+01	2.125887E+00	5.897483E-04
2.423585E-03	3.158597E+01	1.891660E+00	5.873766E-04
2.502676E-03	3.861315E+01	1.897603E+00	5.876425E-04
2.584348E-03	3.906617E+01	1.880064E+00	5.842381E-04
2.668685E-03	4.085100E+01	1.708760E+00	5.839109E-04
2.755774E-03	3.868586E+01	1.488679E+00	5.877762E-04
2.845706E-03	3.532839E+01	1.382444E+00	5.860731E-04
2.938572E-03	4.840649E+01	1.452305E+00	5.883110E-04
3.034469E-03	3.630434E+01	1.245823E+00	5.889564E-04
3.133496E-03	3.563316E+01	1.166001E+00	5.878343E-04
3.235754E-03	3.276967E+01	1.082006E+00	5.903011E-04
3.341349E-03	3.060573E+01	1.018530E+00	5.888492E-04
3.450390E-03	2.999059E+01	9.826280E-01	5.896572E-04
3.562990E-03	2.533290E+01	9.123791E-01	5.895653E-04
3.679264E-03	2.343542E+01	8.659751E-01	5.892287E-04
3.799333E-03	2.217553E+01	8.302233E-01	5.895469E-04
3.923320E-03	1.954027E+01	8.013371E-01	5.894088E-04
4.051353E-03	1.826949E+01	7.484040E-01	5.895795E-04
4.183564E-03	1.578281E+01	7.185003E-01	5.893367E-04
4.320090E-03	1.463870E+01	6.792720E-01	5.897839E-04
4.461072E-03	1.497692E+01	6.669124E-01	5.891503E-04
4.606654E-03	1.362384E+01	6.378212E-01	5.896117E-04
4.756987E-03	1.264342E+01	6.097960E-01	5.894217E-04
4.912226E-03	1.148336E+01	5.932058E-01	5.894774E-04
5.072531E-03	1.262630E+01	5.709174E-01	5.895198E-04
5.238067E-03	1.231977E+01	5.515759E-01	5.893738E-04
5.409005E-03	1.175304E+01	5.262678E-01	5.896503E-04
5.585522E-03	1.120343E+01	5.153695E-01	5.893013E-04
5.767799E-03	1.216294E+01	5.041583E-01	5.894250E-04
5.956025E-03	1.150857E+01	4.843877E-01	5.895865E-04
6.150393E-03	1.108092E+01	4.670376E-01	5.895310E-04
6.351104E-03	1.083595E+01	4.535183E-01	5.893899E-04
6.558366E-03	1.085295E+01	4.394009E-01	5.894688E-04
6.772390E-03	1.073697E+01	4.243438E-01	5.895654E-04
6.993400E-03	1.000733E+01	4.106949E-01	5.895039E-04
7.221622E-03	1.057984E+01	3.982004E-01	5.894379E-04
7.457291E-03	1.057514E+01	3.868122E-01	5.894838E-04
7.700651E-03	1.029055E+01	3.713734E-01	5.894729E-04
7.951954E-03	1.036562E+01	3.609008E-01	5.895321E-04
8.211457E-03	1.021723E+01	3.497123E-01	5.894342E-04
8.479428E-03	9.904500E+00	3.376714E-01	5.893546E-04
8.756145E-03	1.020333E+01	3.236088E-01	5.896342E-04
9.041892E-03	9.946162E+00	3.145575E-01	5.893444E-04
9.336964E-03	9.762362E+00	3.046758E-01	5.895225E-04
9.641665E-03	9.785931E+00	2.959825E-01	5.894696E-04
9.956310E-03	9.642888E+00	2.885705E-01	5.894411E-04
1.028122E-02	9.689672E+00	2.777949E-01	5.895298E-04
1.061674E-02	9.406042E+00	2.701732E-01	5.894042E-04
1.096320E-02	9.361486E+00	2.603151E-01	5.895280E-04
1.132098E-02	8.908667E+00	2.526661E-01	5.894489E-04
1.169042E-02	9.007075E+00	2.443908E-01	5.894437E-04
1.207193E-02	8.877797E+00	2.361303E-01	5.895299E-04
1.246588E-02	9.005567E+00	2.299002E-01	5.894342E-04
1.287269E-02	8.557768E+00	2.213899E-01	5.894493E-04
1.329278E-02	8.656711E+00	2.143768E-01	5.893838E-04
1.372657E-02	8.404905E+00	2.071496E-01	5.895469E-04
1.417452E-02	8.375517E+00	2.009241E-01	5.894262E-04
1.463709E-02	8.275528E+00	1.948290E-01	5.894118E-04
1.511476E-02	7.970591E+00	1.889562E-01	5.895083E-04
1.560801E-02	7.951430E+00	1.825114E-01	5.894147E-04
1.611736E-02	7.853606E+00	1.768263E-01	5.894521E-04
1.664333E-02	7.694229E+00	1.711983E-01	5.894036E-04
1.718647E-02	7.641727E+00	1.660440E-01	5.894639E-04
1.774733E-02	7.720039E+00	1.606026E-01	5.894289E-04
1.832650E-02	7.176784E+00	1.553624E-01	5.894260E-04
1.892456E-02	7.119288E+00	1.504290E-01	5.895201E-04
1.954214E-02	6.881153E+00	1.451668E-01	5.903465E-04
2.017988E-02	6.566594E+00	1.413683E-01	5.917365E-04
2.083843E-02	6.390529E+00	1.398939E-01	5.933144E-04
2.151846E-02	6.386669E+00	1.410262E-01	5.944916E-04
2.222069E-02	6.349375E+00	1.455056E-01	5.945803E-04
2.294584E-02	6.088265E+00	1.502848E-01	5.944131E-04
2.369465E-02	6.152920E+00	1.535587E-01	5.944855E-04
2.446790E-02	5.975119E+00	1.578953E-01	5.959279E-04
2.526638E-02	5.713786E+00	1.640792E-01	5.977141E-04
2.609093E-02	5.647785E+00	1.733296E-01	5.996092E-04
2.694237E-02	5.419636E+00	1.880570E-01	6.011136E-04
2.782161E-02	5.079612E+00	2.070680E-01	6.029164E-04
2.872953E-02	5.038897E+00	2.323400E-01	6.056684E-04
2.966709E-02	4.553755E+00	2.623410E-01	6.093490E-04
3.063524E-02	4.174212E+00	3.085324E-01	6.149625E-04
3.163499E-02	3.928179E+00	3.946285E-01	6.204710E-04
3.266736E-02	4.126322E+00	5.463230E-01	6.266252E-04
3.373342E-02	2.819418E+00	9.104058E-01	6.332986E-04
3.483428E-02	2.261137E+00	3.097500E+00	6.387083E-04
