# I(Q)
#Q (1/A)        I (1/cm)        dI (1/cm)       dQ (1/A)
1.449828E-03	1.862027E+01	4.123329E+01	5.523228E-04
1.497141E-03	2.321027E+01	2.194096E+01	5.607494E-04
1.545999E-03	2.449725E+01	1.558659E+01	5.692518E-04
1.596450E-03	1.559376E+01	1.275462E+01	5.812044E-04
1.648549E-03	1.876845E+01	1.019043E+01	5.875602E-04
1.702347E-03	2.367243E+01	1.178289E+01	5.856781E-04
1.757902E-03	3.739653E+01	1.078981E+01	5.818510E-04
1.815269E-03	3.470809E+01	9.611209E+00	5.836350E-04
1.874508E-03	2.414447E+01	8.582817E+00	5.884726E-04
1.935680E-03	5.509889E+01	7.746401E+00	5.871856E-04
1.998849E-03	3.473060E+01	6.572175E+00	5.885884E-04
2.064079E-03	4.824917E+01	7.043065E+00	5.866730E-04
2.131438E-03	4.259056E+01	6.782567E+00	5.866334E-04
2.200995E-03	5.054729E+01	6.311767E+00	5.884360E-04
2.272822E-03	3.990463E+01	6.073256E+00	5.869386E-04
2.346993E-03	3.584307E+01	5.523416E+00	5.897483E-04
2.423585E-03	3.242274E+01	5.225559E+00	5.873766E-04
2.502676E-03	3.119543E+01	4.756355E+00	5.876425E-04
2.584348E-03	4.112273E+01	4.926270E+00	5.842382E-04
2.668685E-03	4.329614E+01	4.401832E+00	5.839109E-04
2.755775E-03	3.782431E+01	3.827298E+00	5.877762E-04
2.845706E-03	3.489693E+01	3.641611E+00	5.860731E-04
2.938573E-03	4.729134E+01	3.536263E+00	5.883110E-04
3.034470E-03	3.703495E+01	3.265623E+00	5.889564E-04
3.133496E-03	3.501911E+01	3.071995E+00	5.878343E-04
3.235754E-03	3.200519E+01	2.858684E+00	5.903011E-04
3.341350E-03	2.979368E+01	2.743318E+00	5.888492E-04
3.450391E-03	3.044159E+01	2.663975E+00	5.896572E-04
3.562990E-03	2.570796E+01	2.553593E+00	5.895654E-04
3.679265E-03	2.260326E+01	2.424207E+00	5.892287E-04
3.799333E-03	2.280482E+01	2.348080E+00	5.895469E-04
3.923320E-03	2.028610E+01	2.318166E+00	5.894088E-04
4.051353E-03	1.960063E+01	2.191806E+00	5.895795E-04
4.183565E-03	1.449342E+01	2.129201E+00	5.893367E-04
4.320091E-03	1.512923E+01	2.033308E+00	5.897839E-04
4.461072E-03	1.515308E+01	1.999865E+00	5.891503E-04
4.606654E-03	1.397856E+01	1.919646E+00	5.896117E-04
4.756987E-03	1.235432E+01	1.847505E+00	5.894217E-04
4.912226E-03	1.067597E+01	1.811199E+00	5.894774E-04
5.072531E-03	1.242726E+01	1.728010E+00	5.895198E-04
5.238067E-03	1.288718E+01	1.678216E+00	5.893738E-04
5.409006E-03	1.122812E+01	1.611090E+00	5.896503E-04
5.585523E-03	1.064700E+01	1.580115E+00	5.893013E-04
5.767800E-03	1.179049E+01	1.538634E+00	5.894250E-04
5.956025E-03	1.112747E+01	1.483906E+00	5.895865E-04
6.150394E-03	9.912013E+00	1.433739E+00	5.895310E-04
6.351105E-03	1.123548E+01	1.390903E+00	5.893899E-04
6.558366E-03	1.044484E+01	1.351936E+00	5.894688E-04
6.772391E-03	1.059551E+01	1.302354E+00	5.895654E-04
6.993400E-03	9.609674E+00	1.266037E+00	5.895039E-04
7.221622E-03	1.078369E+01	1.227088E+00	5.894379E-04
7.457292E-03	1.089452E+01	1.191299E+00	5.894838E-04
7.700652E-03	1.077573E+01	1.144573E+00	5.894729E-04
7.951954E-03	1.019447E+01	1.110843E+00	5.895321E-04
8.211457E-03	1.019960E+01	1.076718E+00	5.894342E-04
8.479429E-03	1.012334E+01	1.041096E+00	5.893546E-04
8.756145E-03	1.045774E+01	9.967388E-01	5.896342E-04
9.041892E-03	9.939246E+00	9.704642E-01	5.893444E-04
9.336964E-03	1.022822E+01	9.412677E-01	5.895225E-04
9.641666E-03	9.689891E+00	9.137909E-01	5.894696E-04
9.956311E-03	9.643902E+00	8.920301E-01	5.894411E-04
1.028122E-02	1.000886E+01	8.588835E-01	5.895298E-04
1.061674E-02	9.604619E+00	8.346269E-01	5.894042E-04
1.096321E-02	9.490980E+00	8.064304E-01	5.895280E-04
1.132098E-02	9.085228E+00	7.829755E-01	5.894489E-04
1.169042E-02	8.823999E+00	7.568485E-01	5.894437E-04
1.207193E-02	8.831257E+00	7.317887E-01	5.895299E-04
1.246588E-02	9.186639E+00	7.117802E-01	5.894342E-04
1.287269E-02	8.687454E+00	6.870580E-01	5.894493E-04
1.329278E-02	8.586224E+00	6.647784E-01	5.893838E-04
1.372657E-02	8.258331E+00	6.430198E-01	5.895469E-04
1.417452E-02	8.421253E+00	6.237576E-01	5.894262E-04
1.463709E-02	8.151655E+00	6.049020E-01	5.894118E-04
1.511476E-02	8.133620E+00	5.870081E-01	5.895083E-04
1.560801E-02	8.288147E+00	5.676947E-01	5.894147E-04
1.611736E-02	7.829019E+00	5.498322E-01	5.894521E-04
1.664333E-02	7.668008E+00	5.328898E-01	5.894036E-04
1.718647E-02	7.638243E+00	5.165217E-01	5.894639E-04
1.774733E-02	7.551756E+00	4.997284E-01	5.894289E-04
1.832650E-02	7.278192E+00	4.840586E-01	5.894260E-04
1.892456E-02	7.118792E+00	4.687913E-01	5.895201E-04
1.954214E-02	6.921659E+00	4.522233E-01	5.903465E-04
2.017988E-02	6.650240E+00	4.408815E-01	5.917365E-04
2.083843E-02	6.417128E+00	4.361846E-01	5.933144E-04
2.151846E-02	6.336284E+00	4.398288E-01	5.944916E-04
2.222070E-02	6.423752E+00	4.537942E-01	5.945803E-04
2.294584E-02	5.910982E+00	4.690515E-01	5.944131E-04
2.369465E-02	6.065066E+00	4.788902E-01	5.944855E-04
2.446790E-02	5.993316E+00	4.928934E-01	5.959279E-04
2.526639E-02	5.888182E+00	5.122269E-01	5.977141E-04
2.609093E-02	5.581959E+00	5.408915E-01	5.996092E-04
2.694237E-02	5.503464E+00	5.870754E-01	6.011136E-04
2.782161E-02	5.317521E+00	6.466768E-01	6.029164E-04
2.872953E-02	4.987329E+00	7.246912E-01	6.056684E-04
2.966709E-02	4.665970E+00	8.192044E-01	6.093490E-04
3.063524E-02	3.857226E+00	9.629095E-01	6.149625E-04
3.163499E-02	3.984188E+00	1.231855E+00	6.204710E-04
3.266736E-02	4.182963E+00	1.704471E+00	6.266252E-04
3.373342E-02	4.061328E+00	2.856999E+00	6.332986E-04
3.483428E-02	1.782395E+00	9.763797E+00	6.387083E-04
