# I(Q)
#Q (1/A)        I (1/cm)        dI (1/cm)       dQ (1/A)
1.794781E-02	8.187782E+00	4.982711E-01	3.211078E-03
1.863530E-02	8.352839E+00	2.179864E-01	3.239509E-03
1.934913E-02	8.798358E+00	1.443227E-01	3.273288E-03
2.009029E-02	8.551666E+00	9.228934E-02	3.308806E-03
2.085985E-02	8.472565E+00	7.851085E-02	3.377556E-03
2.165889E-02	8.272795E+00	6.703834E-02	3.423522E-03
2.248853E-02	8.097856E+00	5.900763E-02	3.441902E-03
2.334995E-02	7.838834E+00	4.836206E-02	3.502750E-03
2.424437E-02	7.598048E+00	4.179180E-02	3.538497E-03
2.517305E-02	7.363509E+00	3.679056E-02	3.570290E-03
2.613730E-02	7.114205E+00	3.252640E-02	3.596252E-03
2.713849E-02	6.913262E+00	2.894699E-02	3.640987E-03
2.817802E-02	6.701234E+00	2.578611E-02	3.677530E-03
2.925738E-02	6.517801E+00	2.371538E-02	3.673000E-03
3.037808E-02	6.342249E+00	2.091762E-02	3.744497E-03
3.154171E-02	6.173631E+00	1.945620E-02	3.766571E-03
3.274992E-02	5.999600E+00	1.748720E-02	3.809127E-03
3.400440E-02	5.853468E+00	1.634056E-02	3.834154E-03
3.530693E-02	5.684861E+00	1.489331E-02	3.852169E-03
3.665936E-02	5.494535E+00	1.340200E-02	3.905938E-03
3.806360E-02	5.385550E+00	1.263780E-02	3.921734E-03
3.952162E-02	5.230725E+00	1.167957E-02	3.961812E-03
4.103549E-02	5.043370E+00	1.080906E-02	4.005544E-03
4.260736E-02	4.924671E+00	1.007945E-02	4.023629E-03
4.423943E-02	4.780878E+00	9.409986E-03	4.061715E-03
4.593402E-02	4.664935E+00	9.000451E-03	4.049851E-03
4.769351E-02	4.504076E+00	8.226254E-03	4.093278E-03
4.952041E-02	4.340247E+00	7.768613E-03	4.112986E-03
5.141729E-02	4.211137E+00	7.290489E-03	4.126237E-03
5.338682E-02	4.053312E+00	6.884419E-03	4.154429E-03
5.543180E-02	3.909851E+00	6.434804E-03	4.160449E-03
5.755511E-02	3.764162E+00	6.073181E-03	4.174723E-03
5.975976E-02	3.615301E+00	5.680098E-03	4.201892E-03
6.204885E-02	3.477024E+00	5.442875E-03	4.191735E-03
6.442563E-02	3.320186E+00	4.989034E-03	4.222637E-03
6.689345E-02	3.177348E+00	4.729121E-03	4.228282E-03
6.945579E-02	3.036084E+00	4.473946E-03	4.227215E-03
7.211629E-02	2.879742E+00	4.167921E-03	4.242969E-03
7.487870E-02	2.728678E+00	3.888195E-03	4.253639E-03
7.774693E-02	2.582533E+00	3.669697E-03	4.256392E-03
8.072502E-02	2.436342E+00	3.427387E-03	4.263675E-03
8.381718E-02	2.292481E+00	3.187873E-03	4.272409E-03
8.702779E-02	2.153214E+00	2.973175E-03	4.270732E-03
9.036139E-02	2.014545E+00	2.789464E-03	4.282932E-03
9.382267E-02	1.886265E+00	2.579770E-03	4.304957E-03
9.741654E-02	1.754185E+00	2.398634E-03	4.305410E-03
1.011481E-01	1.625747E+00	2.213911E-03	4.318577E-03
1.050225E-01	1.506295E+00	2.055945E-03	4.322863E-03
1.090454E-01	1.388302E+00	1.897029E-03	4.336968E-03
1.132224E-01	1.277408E+00	1.759889E-03	4.346187E-03
1.175594E-01	1.167680E+00	1.614640E-03	4.360175E-03
1.220625E-01	1.070590E+00	1.491188E-03	4.375161E-03
1.267381E-01	9.748952E-01	1.368745E-03	4.385635E-03
1.315928E-01	8.881510E-01	1.260557E-03	4.405102E-03
1.366334E-01	8.064194E-01	1.152831E-03	4.423763E-03
1.418672E-01	7.328578E-01	1.057184E-03	4.439676E-03
1.473014E-01	6.668516E-01	9.691567E-04	4.457163E-03
1.529437E-01	6.056423E-01	8.938334E-04	4.477160E-03
1.588022E-01	5.542901E-01	8.184956E-04	4.504223E-03
1.648851E-01	5.107386E-01	7.594413E-04	4.523941E-03
1.712011E-01	4.729453E-01	7.008925E-04	4.553878E-03
1.777589E-01	4.421596E-01	6.541868E-04	4.576567E-03
1.845679E-01	4.148888E-01	6.072782E-04	4.614349E-03
1.916378E-01	3.932015E-01	5.704789E-04	4.638372E-03
1.989785E-01	3.781072E-01	5.379539E-04	4.673847E-03
2.066003E-01	3.626824E-01	5.064319E-04	4.711049E-03
2.145141E-01	3.521333E-01	4.804683E-04	4.757955E-03
2.227311E-01	3.434209E-01	4.578476E-04	4.815193E-03
2.312628E-01	3.377917E-01	4.392518E-04	4.897025E-03
2.401213E-01	3.330559E-01	4.235013E-04	4.988672E-03
2.493191E-01	3.291869E-01	4.103482E-04	5.093843E-03
2.588693E-01	3.250250E-01	3.981325E-04	5.210403E-03
2.687852E-01	3.212772E-01	3.888800E-04	5.351249E-03
2.790810E-01	3.166646E-01	3.793737E-04	5.511806E-03
2.897712E-01	3.130403E-01	3.709707E-04	5.694420E-03
3.008709E-01	3.072936E-01	3.648044E-04	5.900633E-03
3.123957E-01	3.026274E-01	3.571277E-04	6.136272E-03
3.243620E-01	2.967156E-01	3.509561E-04	6.397076E-03
3.367867E-01	2.900384E-01	3.448978E-04	6.681132E-03
3.496873E-01	2.834250E-01	3.394681E-04	6.976857E-03
3.630820E-01	2.757622E-01	3.346815E-04	7.289143E-03
3.769898E-01	2.688074E-01	3.318738E-04	7.616701E-03
3.914304E-01	2.624498E-01	3.310055E-04	7.954903E-03
4.064241E-01	2.558614E-01	3.310473E-04	8.309148E-03
4.219922E-01	2.496030E-01	3.341286E-04	8.676185E-03
4.381566E-01	2.433266E-01	3.380282E-04	9.055190E-03
4.549401E-01	2.396493E-01	3.487559E-04	9.438724E-03
4.723666E-01	2.347441E-01	3.619512E-04	9.833374E-03
4.904605E-01	2.318495E-01	3.824188E-04	1.022778E-02
5.092476E-01	2.286727E-01	4.090873E-04	1.063714E-02
5.287543E-01	2.246831E-01	4.418388E-04	1.106182E-02
5.490082E-01	2.220087E-01	4.853910E-04	1.151798E-02
5.700379E-01	2.187498E-01	5.454108E-04	1.198655E-02
5.918731E-01	2.167760E-01	6.368641E-04	1.244451E-02
6.145448E-01	2.103648E-01	7.529656E-04	1.293115E-02
6.380849E-01	2.066104E-01	9.277146E-04	1.345131E-02
6.625267E-01	2.021188E-01	1.215735E-03	1.398872E-02
6.879047E-01	1.955811E-01	1.754887E-03	1.451619E-02
7.142549E-01	1.782416E-01	2.845654E-03	1.508464E-02
7.416144E-01	1.487379E-01	7.215330E-03	1.550961E-02
