# I(Q)
#Q (1/A)        I (1/cm)        dI (1/cm)       dQ (1/A)
1.449827E-03	6.478461E+00	1.448759E+01	5.523228E-04
1.497141E-03	2.811785E+01	8.762241E+00	5.607494E-04
1.545998E-03	2.583863E+01	6.488618E+00	5.692518E-04
1.596450E-03	1.399019E+01	4.886101E+00	5.812044E-04
1.648549E-03	1.828878E+01	4.020495E+00	5.875602E-04
1.702347E-03	2.684346E+01	4.635383E+00	5.856781E-04
1.757901E-03	4.352280E+01	4.469953E+00	5.818509E-04
1.815269E-03	4.010563E+01	4.139702E+00	5.836350E-04
1.874508E-03	2.897377E+01	3.406570E+00	5.884726E-04
1.935680E-03	5.640631E+01	3.482484E+00	5.871856E-04
1.998849E-03	3.788845E+01	2.787288E+00	5.885884E-04
2.064079E-03	4.810172E+01	3.010001E+00	5.866730E-04
2.131438E-03	4.302466E+01	2.825045E+00	5.866334E-04
2.200995E-03	4.756131E+01	2.718505E+00	5.884360E-04
2.272822E-03	3.870938E+01	2.465688E+00	5.869386E-04
2.346993E-03	3.911095E+01	2.280217E+00	5.897483E-04
2.423585E-03	3.128050E+01	2.048788E+00	5.873766E-04
2.502676E-03	3.931108E+01	2.040610E+00	5.876425E-04
2.584348E-03	4.054392E+01	2.047283E+00	5.842381E-04
2.668685E-03	4.129329E+01	1.849775E+00	5.839109E-04
2.755775E-03	3.870366E+01	1.603043E+00	5.877762E-04
2.845706E-03	3.553312E+01	1.497796E+00	5.860731E-04
2.938573E-03	4.854764E+01	1.558724E+00	5.883110E-04
3.034470E-03	3.646988E+01	1.349331E+00	5.889564E-04
3.133496E-03	3.592143E+01	1.261718E+00	5.878343E-04
3.235754E-03	3.279288E+01	1.170986E+00	5.903011E-04
3.341349E-03	3.068844E+01	1.107016E+00	5.888492E-04
3.450391E-03	3.045802E+01	1.068833E+00	5.896572E-04
3.562990E-03	2.520058E+01	9.915823E-01	5.895654E-04
3.679264E-03	2.343247E+01	9.422385E-01	5.892287E-04
3.799333E-03	2.225628E+01	9.056969E-01	5.895469E-04
3.923320E-03	1.952713E+01	8.744311E-01	5.894088E-04
4.051353E-03	1.819029E+01	8.190477E-01	5.895795E-04
4.183565E-03	1.554893E+01	7.863754E-01	5.893367E-04
4.320090E-03	1.487287E+01	7.462071E-01	5.897839E-04
4.461072E-03	1.497297E+01	7.325669E-01	5.891503E-04
4.606654E-03	1.357351E+01	7.003506E-01	5.896117E-04
4.756987E-03	1.264152E+01	6.716020E-01	5.894217E-04
4.912226E-03	1.154292E+01	6.536561E-01	5.894774E-04
5.072531E-03	1.255315E+01	6.271427E-01	5.895198E-04
5.238067E-03	1.222502E+01	6.059721E-01	5.893738E-04
5.409005E-03	1.153198E+01	5.789932E-01	5.896503E-04
5.585522E-03	1.130758E+01	5.680344E-01	5.893013E-04
5.767800E-03	1.220048E+01	5.549060E-01	5.894250E-04
5.956025E-03	1.158232E+01	5.338325E-01	5.895865E-04
6.150393E-03	1.097406E+01	5.141475E-01	5.895310E-04
6.351105E-03	1.085522E+01	5.004538E-01	5.893899E-04
6.558366E-03	1.070783E+01	4.840711E-01	5.894688E-04
6.772391E-03	1.087808E+01	4.679306E-01	5.895654E-04
6.993400E-03	1.005392E+01	4.530433E-01	5.895039E-04
7.221622E-03	1.062766E+01	4.392369E-01	5.894379E-04
7.457291E-03	1.053990E+01	4.263438E-01	5.894838E-04
7.700652E-03	1.025972E+01	4.093820E-01	5.894729E-04
7.951954E-03	1.031763E+01	3.978734E-01	5.895321E-04
8.211457E-03	1.011828E+01	3.856346E-01	5.894342E-04
8.479428E-03	9.869121E+00	3.724180E-01	5.893546E-04
8.756145E-03	1.019988E+01	3.568656E-01	5.896342E-04
9.041892E-03	9.957584E+00	3.471350E-01	5.893444E-04
9.336964E-03	9.780661E+00	3.362421E-01	5.895225E-04
9.641665E-03	9.796249E+00	3.265913E-01	5.894696E-04
9.956310E-03	9.549129E+00	3.185728E-01	5.894411E-04
1.028122E-02	9.652868E+00	3.066615E-01	5.895298E-04
1.061674E-02	9.384250E+00	2.980418E-01	5.894042E-04
1.096320E-02	9.410286E+00	2.874571E-01	5.895280E-04
1.132098E-02	8.899605E+00	2.790307E-01	5.894489E-04
1.169042E-02	9.054851E+00	2.699306E-01	5.894437E-04
1.207193E-02	8.951714E+00	2.608490E-01	5.895299E-04
1.246588E-02	9.030179E+00	2.537975E-01	5.894342E-04
1.287269E-02	8.567869E+00	2.445762E-01	5.894493E-04
1.329278E-02	8.613276E+00	2.367488E-01	5.893838E-04
1.372657E-02	8.393541E+00	2.287564E-01	5.895469E-04
1.417452E-02	8.421740E+00	2.219771E-01	5.894262E-04
1.463709E-02	8.326343E+00	2.152445E-01	5.894118E-04
1.511476E-02	7.963720E+00	2.087935E-01	5.895083E-04
1.560801E-02	7.943067E+00	2.016055E-01	5.894147E-04
1.611736E-02	7.843089E+00	1.953192E-01	5.894521E-04
1.664333E-02	7.728196E+00	1.891973E-01	5.894036E-04
1.718647E-02	7.659928E+00	1.835067E-01	5.894639E-04
1.774733E-02	7.718446E+00	1.774642E-01	5.894289E-04
1.832650E-02	7.160385E+00	1.716853E-01	5.894260E-04
1.892456E-02	7.136998E+00	1.663137E-01	5.895201E-04
1.954214E-02	6.877374E+00	1.604522E-01	5.903465E-04
2.017988E-02	6.576059E+00	1.563260E-01	5.917365E-04
2.083843E-02	6.371088E+00	1.546638E-01	5.933144E-04
2.151846E-02	6.385684E+00	1.559127E-01	5.944916E-04
2.222069E-02	6.333251E+00	1.608478E-01	5.945803E-04
2.294584E-02	6.080383E+00	1.661609E-01	5.944131E-04
2.369465E-02	6.147213E+00	1.697516E-01	5.944855E-04
2.446790E-02	5.949687E+00	1.745742E-01	5.959279E-04
2.526639E-02	5.745385E+00	1.814590E-01	5.977141E-04
2.609093E-02	5.635665E+00	1.915905E-01	5.996092E-04
2.694237E-02	5.428676E+00	2.079726E-01	6.011136E-04
2.782161E-02	5.048370E+00	2.289960E-01	6.029164E-04
2.872953E-02	5.057846E+00	2.568236E-01	6.056684E-04
2.966709E-02	4.513409E+00	2.899829E-01	6.093490E-04
3.063524E-02	4.222962E+00	3.411477E-01	6.149625E-04
3.163499E-02	3.868450E+00	4.363282E-01	6.204710E-04
3.266736E-02	4.245220E+00	6.048994E-01	6.266252E-04
3.373342E-02	2.888851E+00	1.007999E+00	6.332986E-04
3.483428E-02	1.845380E+00	3.431666E+00	6.387083E-04
