# I(Q)
#Q (1/A)        I (1/cm)        dI (1/cm)       dQ (1/A)
1.449827E-03	8.214523E+00	1.848742E+01	5.523228E-04
1.497141E-03	2.397720E+01	1.038605E+01	5.607494E-04
1.545998E-03	1.952461E+01	7.396175E+00	5.692518E-04
1.596450E-03	1.710214E+01	6.117797E+00	5.812044E-04
1.648549E-03	1.530732E+01	4.867216E+00	5.875602E-04
1.702347E-03	1.742828E+01	5.324082E+00	5.856781E-04
1.757901E-03	3.759287E+01	5.292008E+00	5.818509E-04
1.815269E-03	2.759292E+01	4.582577E+00	5.836350E-04
1.874508E-03	2.868105E+01	4.052819E+00	5.884726E-04
1.935680E-03	4.805329E+01	3.889128E+00	5.871856E-04
1.998849E-03	3.265075E+01	3.236966E+00	5.885884E-04
2.064079E-03	4.223101E+01	3.488898E+00	5.866730E-04
2.131438E-03	3.625261E+01	3.240155E+00	5.866334E-04
2.200995E-03	3.927495E+01	3.135114E+00	5.884360E-04
2.272822E-03	3.156881E+01	2.887686E+00	5.869386E-04
2.346993E-03	3.301288E+01	2.692218E+00	5.897483E-04
2.423585E-03	2.586342E+01	2.449454E+00	5.873766E-04
2.502676E-03	2.479074E+01	2.240059E+00	5.876425E-04
2.584348E-03	3.123211E+01	2.348248E+00	5.842382E-04
2.668685E-03	3.470700E+01	2.162195E+00	5.839109E-04
2.755774E-03	3.029183E+01	1.853557E+00	5.877762E-04
2.845706E-03	2.676687E+01	1.726975E+00	5.860731E-04
2.938572E-03	3.616086E+01	1.750431E+00	5.883110E-04
3.034469E-03	2.663801E+01	1.542017E+00	5.889564E-04
3.133496E-03	2.733821E+01	1.475672E+00	5.878343E-04
3.235754E-03	2.236313E+01	1.358895E+00	5.903011E-04
3.341349E-03	2.096159E+01	1.282646E+00	5.888492E-04
3.450390E-03	1.952389E+01	1.240856E+00	5.896572E-04
3.562990E-03	1.664997E+01	1.170029E+00	5.895654E-04
3.679264E-03	1.351384E+01	1.093564E+00	5.892287E-04
3.799333E-03	1.230800E+01	1.055086E+00	5.895469E-04
3.923320E-03	1.076109E+01	1.037732E+00	5.894088E-04
4.051353E-03	8.549866E+00	9.699008E-01	5.895795E-04
4.183564E-03	6.744822E+00	9.360433E-01	5.893367E-04
4.320090E-03	6.069425E+00	8.922763E-01	5.897839E-04
4.461072E-03	4.928315E+00	8.734029E-01	5.891503E-04
4.606654E-03	4.107436E+00	8.395608E-01	5.896117E-04
4.756987E-03	4.222813E+00	8.060441E-01	5.894217E-04
4.912226E-03	3.801207E+00	7.930132E-01	5.894774E-04
5.072531E-03	3.418388E+00	7.548388E-01	5.895198E-04
5.238067E-03	3.605077E+00	7.313137E-01	5.893738E-04
5.409005E-03	3.616645E+00	7.025897E-01	5.896503E-04
5.585522E-03	3.201071E+00	6.883496E-01	5.893013E-04
5.767799E-03	3.044755E+00	6.689870E-01	5.894250E-04
5.956025E-03	2.821202E+00	6.460242E-01	5.895865E-04
6.150393E-03	2.943798E+00	6.253301E-01	5.895310E-04
6.351104E-03	2.607593E+00	6.051824E-01	5.893899E-04
6.558366E-03	2.543887E+00	5.885333E-01	5.894688E-04
6.772391E-03	2.158239E+00	5.663555E-01	5.895654E-04
6.993400E-03	2.364890E+00	5.506576E-01	5.895039E-04
7.221622E-03	2.407481E+00	5.337647E-01	5.894379E-04
7.457291E-03	2.265404E+00	5.187416E-01	5.894838E-04
7.700651E-03	2.189403E+00	4.974812E-01	5.894729E-04
7.951954E-03	2.255018E+00	4.837933E-01	5.895321E-04
8.211457E-03	2.439669E+00	4.684990E-01	5.894342E-04
8.479428E-03	2.257526E+00	4.527333E-01	5.893546E-04
8.756145E-03	2.088165E+00	4.337841E-01	5.896342E-04
9.041892E-03	2.237669E+00	4.223700E-01	5.893444E-04
9.336964E-03	2.182495E+00	4.097714E-01	5.895225E-04
9.641665E-03	2.238280E+00	3.975637E-01	5.894696E-04
9.956310E-03	2.114309E+00	3.884402E-01	5.894411E-04
1.028122E-02	2.191510E+00	3.736263E-01	5.895298E-04
1.061674E-02	2.093774E+00	3.634590E-01	5.894042E-04
1.096320E-02	1.971269E+00	3.509124E-01	5.895280E-04
1.132098E-02	1.924963E+00	3.407021E-01	5.894489E-04
1.169042E-02	2.021717E+00	3.294730E-01	5.894437E-04
1.207193E-02	2.003040E+00	3.184497E-01	5.895299E-04
1.246588E-02	1.905676E+00	3.098094E-01	5.894342E-04
1.287269E-02	1.979499E+00	2.992227E-01	5.894493E-04
1.329278E-02	1.954908E+00	2.893160E-01	5.893838E-04
1.372657E-02	1.975250E+00	2.799401E-01	5.895469E-04
1.417452E-02	2.103744E+00	2.715644E-01	5.894262E-04
1.463709E-02	1.898036E+00	2.634720E-01	5.894118E-04
1.511476E-02	1.955801E+00	2.556729E-01	5.895083E-04
1.560801E-02	1.930175E+00	2.472141E-01	5.894147E-04
1.611736E-02	2.055253E+00	2.394640E-01	5.894521E-04
1.664333E-02	2.039137E+00	2.320567E-01	5.894036E-04
1.718647E-02	1.933666E+00	2.249268E-01	5.894639E-04
1.774733E-02	1.955190E+00	2.176029E-01	5.894289E-04
1.832650E-02	1.930260E+00	2.107611E-01	5.894260E-04
1.892456E-02	1.963948E+00	2.041171E-01	5.895202E-04
1.954214E-02	1.937214E+00	1.969387E-01	5.903465E-04
2.017988E-02	1.838020E+00	1.919064E-01	5.917365E-04
2.083843E-02	1.854023E+00	1.898759E-01	5.933144E-04
2.151846E-02	1.890857E+00	1.915125E-01	5.944916E-04
2.222069E-02	1.910804E+00	1.975902E-01	5.945803E-04
2.294584E-02	2.123127E+00	2.042883E-01	5.944131E-04
2.369465E-02	2.027027E+00	2.085294E-01	5.944855E-04
2.446790E-02	2.042567E+00	2.145596E-01	5.959279E-04
2.526639E-02	2.173468E+00	2.229477E-01	5.977141E-04
2.609093E-02	2.043410E+00	2.352920E-01	5.996092E-04
2.694237E-02	2.118941E+00	2.554185E-01	6.011136E-04
2.782161E-02	2.196062E+00	2.812819E-01	6.029164E-04
2.872953E-02	2.094564E+00	3.151125E-01	6.056684E-04
2.966709E-02	1.995200E+00	3.560413E-01	6.093491E-04
3.063524E-02	2.047851E+00	4.182729E-01	6.149625E-04
3.163499E-02	2.205931E+00	5.344407E-01	6.204711E-04
3.266736E-02	1.924236E+00	7.388732E-01	6.266252E-04
3.373342E-02	1.392347E+00	1.234480E+00	6.332986E-04
3.483428E-02	4.569719E-01	4.221146E+00	6.387083E-04
