# I(Q)
#Q (1/A)        I (1/cm)        dI (1/cm)       dQ (1/A)
1.794738E-02	8.780244E+00	5.833428E-01	3.211043E-03
1.863485E-02	8.690394E+00	2.508839E-01	3.239478E-03
1.934867E-02	9.106137E+00	1.661468E-01	3.273266E-03
2.008982E-02	9.104407E+00	1.078228E-01	3.308788E-03
2.085936E-02	9.151600E+00	9.243601E-02	3.377549E-03
2.165839E-02	9.182352E+00	8.001352E-02	3.423509E-03
2.248801E-02	9.172421E+00	7.099519E-02	3.441895E-03
2.334942E-02	9.254735E+00	5.932521E-02	3.502743E-03
2.424383E-02	8.995887E+00	5.129604E-02	3.538488E-03
2.517249E-02	9.103963E+00	4.615845E-02	3.570285E-03
2.613673E-02	9.063028E+00	4.150021E-02	3.596245E-03
2.713790E-02	9.127432E+00	3.769230E-02	3.640980E-03
2.817742E-02	9.082601E+00	3.392826E-02	3.677526E-03
2.925676E-02	9.053138E+00	3.159201E-02	3.672994E-03
3.037745E-02	9.072369E+00	2.828423E-02	3.744493E-03
3.154106E-02	9.122488E+00	2.676203E-02	3.766567E-03
3.274925E-02	9.172058E+00	2.446047E-02	3.809123E-03
3.400371E-02	9.241930E+00	2.324878E-02	3.834150E-03
3.530623E-02	9.262369E+00	2.155652E-02	3.852367E-03
3.665864E-02	9.268289E+00	1.970353E-02	3.905703E-03
3.806286E-02	9.363429E+00	1.889287E-02	3.920974E-03
3.952087E-02	9.406858E+00	1.774627E-02	3.962964E-03
4.103472E-02	9.385436E+00	1.670555E-02	4.005043E-03
4.260656E-02	9.386384E+00	1.576729E-02	4.024198E-03
4.423861E-02	9.397098E+00	1.492634E-02	4.061147E-03
4.593318E-02	9.415842E+00	1.448281E-02	4.049849E-03
4.769266E-02	9.368013E+00	1.345267E-02	4.092346E-03
4.951954E-02	9.215752E+00	1.281203E-02	4.114071E-03
5.141639E-02	9.160012E+00	1.218853E-02	4.125979E-03
5.338591E-02	8.979386E+00	1.160448E-02	4.154440E-03
5.543086E-02	8.830779E+00	1.095863E-02	4.160448E-03
5.755415E-02	8.604602E+00	1.040388E-02	4.174723E-03
5.975877E-02	8.343070E+00	9.783430E-03	4.201004E-03
6.204785E-02	8.095783E+00	9.403730E-03	4.191812E-03
6.442460E-02	7.768139E+00	8.644524E-03	4.223763E-03
6.689240E-02	7.419603E+00	8.187843E-03	4.226614E-03
6.945472E-02	7.084242E+00	7.737964E-03	4.229110E-03
7.211520E-02	6.707680E+00	7.198113E-03	4.242416E-03
7.487758E-02	6.336737E+00	6.711903E-03	4.253529E-03
7.774578E-02	5.957343E+00	6.308060E-03	4.256565E-03
8.072385E-02	5.594400E+00	5.885922E-03	4.263181E-03
8.381599E-02	5.236678E+00	5.461146E-03	4.272816E-03
8.702658E-02	4.877878E+00	5.076023E-03	4.270518E-03
9.036015E-02	4.530285E+00	4.733950E-03	4.282830E-03
9.382141E-02	4.200077E+00	4.358845E-03	4.304752E-03
9.741525E-02	3.880973E+00	4.040498E-03	4.305613E-03
1.011468E-01	3.586360E+00	3.728180E-03	4.319054E-03
1.050212E-01	3.289043E+00	3.441666E-03	4.322707E-03
1.090441E-01	3.000586E+00	3.160224E-03	4.336861E-03
1.132210E-01	2.735001E+00	2.916016E-03	4.345920E-03
1.175580E-01	2.472684E+00	2.662861E-03	4.360474E-03
1.220610E-01	2.225567E+00	2.436561E-03	4.375200E-03
1.267366E-01	1.995662E+00	2.221616E-03	4.385440E-03
1.315913E-01	1.785084E+00	2.027158E-03	4.405098E-03
1.366319E-01	1.573653E+00	1.826086E-03	4.423907E-03
1.418656E-01	1.393708E+00	1.655288E-03	4.439579E-03
1.472998E-01	1.219057E+00	1.487916E-03	4.457114E-03
1.529422E-01	1.070329E+00	1.349963E-03	4.477203E-03
1.588006E-01	9.350898E-01	1.206029E-03	4.504251E-03
1.648835E-01	8.205798E-01	1.092373E-03	4.524035E-03
1.711994E-01	7.272247E-01	9.872669E-04	4.553653E-03
1.777572E-01	6.461425E-01	8.976400E-04	4.576896E-03
1.845663E-01	5.789048E-01	8.140508E-04	4.614414E-03
1.916361E-01	5.291244E-01	7.517880E-04	4.638249E-03
1.989768E-01	4.891571E-01	6.933386E-04	4.673869E-03
2.065986E-01	4.572778E-01	6.452688E-04	4.711017E-03
2.145124E-01	4.333461E-01	6.042524E-04	4.758087E-03
2.227293E-01	4.175380E-01	5.725210E-04	4.815204E-03
2.312610E-01	4.064034E-01	5.467861E-04	4.897070E-03
2.401195E-01	3.980427E-01	5.253690E-04	4.988614E-03
2.493174E-01	3.899993E-01	5.056638E-04	5.093905E-03
2.588675E-01	3.842165E-01	4.906886E-04	5.210409E-03
2.687835E-01	3.781550E-01	4.782310E-04	5.351102E-03
2.790793E-01	3.708494E-01	4.655045E-04	5.511926E-03
2.897695E-01	3.640226E-01	4.538173E-04	5.694446E-03
3.008691E-01	3.556490E-01	4.451945E-04	5.900649E-03
3.123940E-01	3.477472E-01	4.336712E-04	6.136333E-03
3.243603E-01	3.395998E-01	4.255119E-04	6.396905E-03
3.367850E-01	3.299006E-01	4.160694E-04	6.681111E-03
3.496856E-01	3.198576E-01	4.079259E-04	6.976809E-03
3.630803E-01	3.117362E-01	4.026006E-04	7.289111E-03
3.769882E-01	3.029117E-01	3.986282E-04	7.616683E-03
3.914288E-01	2.947947E-01	3.972106E-04	7.954872E-03
4.064225E-01	2.874932E-01	3.972067E-04	8.309053E-03
4.219906E-01	2.800886E-01	4.005012E-04	8.676320E-03
4.381551E-01	2.735496E-01	4.058824E-04	9.054940E-03
4.549387E-01	2.676059E-01	4.174407E-04	9.438750E-03
4.723652E-01	2.620100E-01	4.329218E-04	9.833382E-03
4.904592E-01	2.586787E-01	4.571249E-04	1.022770E-02
5.092464E-01	2.557733E-01	4.901743E-04	1.063714E-02
5.287531E-01	2.527227E-01	5.311923E-04	1.106182E-02
5.490071E-01	2.481510E-01	5.815216E-04	1.151798E-02
5.700369E-01	2.458725E-01	6.553668E-04	1.198655E-02
5.918723E-01	2.414682E-01	7.610986E-04	1.244451E-02
6.145441E-01	2.346957E-01	8.997715E-04	1.293115E-02
6.380843E-01	2.306801E-01	1.109188E-03	1.345131E-02
6.625262E-01	2.244885E-01	1.449379E-03	1.398872E-02
6.879044E-01	2.213462E-01	2.113086E-03	1.451619E-02
7.142547E-01	2.022405E-01	3.426052E-03	1.508464E-02
7.416144E-01	1.779832E-01	8.912191E-03	1.550961E-02
