# I(Q)
#Q (1/A)        I (1/cm)        dI (1/cm)       dQ (1/A)
1.794781E-02	1.828163E+01	1.449470E+00	3.211078E-03
1.863530E-02	1.757966E+01	6.149833E-01	3.239509E-03
1.934913E-02	1.779008E+01	4.024201E-01	3.273288E-03
2.009029E-02	1.728425E+01	2.559434E-01	3.308806E-03
2.085985E-02	1.701215E+01	2.171409E-01	3.377556E-03
2.165889E-02	1.688806E+01	1.869828E-01	3.423522E-03
2.248853E-02	1.640348E+01	1.646063E-01	3.441902E-03
2.334995E-02	1.606376E+01	1.351649E-01	3.502750E-03
2.424437E-02	1.555244E+01	1.168054E-01	3.538497E-03
2.517305E-02	1.503225E+01	1.024590E-01	3.570290E-03
2.613730E-02	1.490674E+01	9.171433E-02	3.596252E-03
2.713849E-02	1.441851E+01	8.181955E-02	3.640987E-03
2.817802E-02	1.421175E+01	7.354493E-02	3.677530E-03
2.925738E-02	1.360779E+01	6.681213E-02	3.673000E-03
3.037808E-02	1.344539E+01	5.946147E-02	3.744497E-03
3.154171E-02	1.313333E+01	5.543847E-02	3.766571E-03
3.274992E-02	1.295316E+01	5.029699E-02	3.809127E-03
3.400440E-02	1.255542E+01	4.687019E-02	3.834154E-03
3.530694E-02	1.221156E+01	4.271289E-02	3.852169E-03
3.665936E-02	1.182669E+01	3.845541E-02	3.905938E-03
3.806360E-02	1.159606E+01	3.623900E-02	3.921734E-03
3.952162E-02	1.136514E+01	3.365269E-02	3.961812E-03
4.103550E-02	1.096116E+01	3.115434E-02	4.005544E-03
4.260736E-02	1.069753E+01	2.897490E-02	4.023629E-03
4.423943E-02	1.042145E+01	2.713427E-02	4.061715E-03
4.593402E-02	1.009183E+01	2.582648E-02	4.049851E-03
4.769352E-02	9.824253E+00	2.373906E-02	4.093278E-03
4.952041E-02	9.419031E+00	2.231597E-02	4.112986E-03
5.141729E-02	9.139077E+00	2.100744E-02	4.126237E-03
5.338682E-02	8.760877E+00	1.978350E-02	4.154429E-03
5.543180E-02	8.426141E+00	1.845794E-02	4.160449E-03
5.755511E-02	8.112525E+00	1.742997E-02	4.174723E-03
5.975976E-02	7.708574E+00	1.618496E-02	4.201892E-03
6.204885E-02	7.391377E+00	1.548446E-02	4.191735E-03
6.442563E-02	7.049613E+00	1.421741E-02	4.222637E-03
6.689345E-02	6.687483E+00	1.339694E-02	4.228281E-03
6.945579E-02	6.316340E+00	1.260502E-02	4.227215E-03
7.211629E-02	5.977609E+00	1.174069E-02	4.242969E-03
7.487870E-02	5.635498E+00	1.092841E-02	4.253638E-03
7.774693E-02	5.278147E+00	1.025436E-02	4.256392E-03
8.072502E-02	4.954330E+00	9.569823E-03	4.263675E-03
8.381718E-02	4.620238E+00	8.856628E-03	4.272409E-03
8.702779E-02	4.291524E+00	8.219542E-03	4.270732E-03
9.036139E-02	3.983639E+00	7.663871E-03	4.282931E-03
9.382267E-02	3.699932E+00	7.058714E-03	4.304956E-03
9.741654E-02	3.422045E+00	6.556314E-03	4.305410E-03
1.011481E-01	3.152435E+00	6.038596E-03	4.318577E-03
1.050225E-01	2.876138E+00	5.558605E-03	4.322863E-03
1.090454E-01	2.622497E+00	5.100202E-03	4.336967E-03
1.132224E-01	2.383642E+00	4.699022E-03	4.346187E-03
1.175594E-01	2.162820E+00	4.300544E-03	4.360175E-03
1.220625E-01	1.948605E+00	3.932555E-03	4.375161E-03
1.267381E-01	1.751968E+00	3.591679E-03	4.385635E-03
1.315928E-01	1.574301E+00	3.283080E-03	4.405102E-03
1.366334E-01	1.402351E+00	2.978606E-03	4.423763E-03
1.418672E-01	1.247723E+00	2.707321E-03	4.439676E-03
1.473014E-01	1.107622E+00	2.450226E-03	4.457163E-03
1.529437E-01	9.799974E-01	2.231781E-03	4.477160E-03
1.588022E-01	8.721838E-01	2.014151E-03	4.504223E-03
1.648851E-01	7.762530E-01	1.839752E-03	4.523941E-03
1.712011E-01	6.940266E-01	1.671178E-03	4.553878E-03
1.777589E-01	6.228446E-01	1.529679E-03	4.576567E-03
1.845679E-01	5.670582E-01	1.401906E-03	4.614349E-03
1.916378E-01	5.188324E-01	1.297585E-03	4.638372E-03
1.989785E-01	4.806602E-01	1.202583E-03	4.673847E-03
2.066003E-01	4.490567E-01	1.121948E-03	4.711048E-03
2.145141E-01	4.226795E-01	1.051422E-03	4.757955E-03
2.227311E-01	4.070695E-01	9.978077E-04	4.815193E-03
2.312628E-01	3.916403E-01	9.469413E-04	4.897025E-03
2.401213E-01	3.822499E-01	9.084942E-04	4.988672E-03
2.493191E-01	3.736735E-01	8.735410E-04	5.093843E-03
2.588693E-01	3.669306E-01	8.456845E-04	5.210403E-03
2.687852E-01	3.610959E-01	8.229894E-04	5.351249E-03
2.790810E-01	3.548895E-01	8.010267E-04	5.511806E-03
2.897712E-01	3.496822E-01	7.807695E-04	5.694420E-03
3.008709E-01	3.460219E-01	7.704109E-04	5.900632E-03
3.123957E-01	3.379790E-01	7.473111E-04	6.136272E-03
3.243620E-01	3.312869E-01	7.324016E-04	6.397076E-03
3.367867E-01	3.229847E-01	7.153209E-04	6.681132E-03
3.496873E-01	3.155811E-01	7.042907E-04	6.976857E-03
3.630820E-01	3.063893E-01	6.922868E-04	7.289143E-03
3.769898E-01	2.980048E-01	6.858267E-04	7.616701E-03
3.914304E-01	2.895326E-01	6.819603E-04	7.954903E-03
4.064241E-01	2.827596E-01	6.831271E-04	8.309147E-03
4.219922E-01	2.762395E-01	6.895029E-04	8.676184E-03
4.381566E-01	2.687191E-01	6.973541E-04	9.055190E-03
4.549401E-01	2.653036E-01	7.197959E-04	9.438723E-03
4.723666E-01	2.580764E-01	7.449802E-04	9.833374E-03
4.904605E-01	2.551058E-01	7.871569E-04	1.022778E-02
5.092476E-01	2.520716E-01	8.421561E-04	1.063714E-02
5.287543E-01	2.478392E-01	9.106452E-04	1.106182E-02
5.490082E-01	2.446128E-01	9.986744E-04	1.151798E-02
5.700379E-01	2.405441E-01	1.122589E-03	1.198655E-02
5.918731E-01	2.384023E-01	1.309493E-03	1.244451E-02
6.145448E-01	2.315610E-01	1.549275E-03	1.293115E-02
6.380849E-01	2.240695E-01	1.892111E-03	1.345131E-02
6.625267E-01	2.239932E-01	2.507869E-03	1.398872E-02
6.879047E-01	2.148784E-01	3.608652E-03	1.451619E-02
7.142549E-01	1.989698E-01	5.855481E-03	1.508464E-02
7.416143E-01	1.671860E-01	1.527154E-02	1.550961E-02
