# I(Q)
#Q (1/A)        I (1/cm)        dI (1/cm)       dQ (1/A)
1.449827E-03	-1.088358E-01	1.994827E+01	5.523228E-04
1.497141E-03	3.269271E+01	1.136941E+01	5.607494E-04
1.545998E-03	1.913027E+01	7.982537E+00	5.692518E-04
1.596450E-03	2.301078E+01	6.777841E+00	5.812044E-04
1.648549E-03	2.341252E+01	5.523982E+00	5.875602E-04
1.702347E-03	3.277607E+01	6.356901E+00	5.856781E-04
1.757901E-03	4.295122E+01	5.905351E+00	5.818509E-04
1.815268E-03	3.907600E+01	5.241899E+00	5.836350E-04
1.874508E-03	3.061974E+01	4.456222E+00	5.884726E-04
1.935680E-03	5.517321E+01	4.293207E+00	5.871856E-04
1.998849E-03	4.153789E+01	3.632857E+00	5.885884E-04
2.064079E-03	5.436541E+01	3.892122E+00	5.866730E-04
2.131438E-03	5.591223E+01	3.843542E+00	5.866334E-04
2.200995E-03	5.537022E+01	3.519366E+00	5.884360E-04
2.272822E-03	5.392262E+01	3.392301E+00	5.869386E-04
2.346993E-03	4.807777E+01	3.084653E+00	5.897483E-04
2.423585E-03	4.468668E+01	2.816309E+00	5.873766E-04
2.502676E-03	4.516304E+01	2.688280E+00	5.876425E-04
2.584348E-03	4.639351E+01	2.629760E+00	5.842381E-04
2.668685E-03	5.786622E+01	2.499594E+00	5.839109E-04
2.755774E-03	4.815633E+01	2.108310E+00	5.877762E-04
2.845706E-03	4.296134E+01	1.968688E+00	5.860731E-04
2.938572E-03	5.482268E+01	1.983416E+00	5.883110E-04
3.034469E-03	4.466087E+01	1.758824E+00	5.889564E-04
3.133496E-03	4.379959E+01	1.669262E+00	5.878343E-04
3.235754E-03	4.047704E+01	1.545681E+00	5.903011E-04
3.341349E-03	3.942791E+01	1.478020E+00	5.888492E-04
3.450390E-03	3.877996E+01	1.433217E+00	5.896572E-04
3.562990E-03	3.446101E+01	1.341925E+00	5.895654E-04
3.679264E-03	3.082313E+01	1.260503E+00	5.892287E-04
3.799333E-03	3.094729E+01	1.213378E+00	5.895469E-04
3.923320E-03	3.150146E+01	1.212803E+00	5.894088E-04
4.051353E-03	2.671033E+01	1.117823E+00	5.895795E-04
4.183564E-03	2.581076E+01	1.089451E+00	5.893367E-04
4.320090E-03	2.584846E+01	1.038770E+00	5.897839E-04
4.461072E-03	2.350293E+01	1.004728E+00	5.891503E-04
4.606654E-03	2.357943E+01	9.722308E-01	5.896117E-04
4.756987E-03	2.327992E+01	9.325528E-01	5.894217E-04
4.912226E-03	2.278958E+01	9.166181E-01	5.894774E-04
5.072531E-03	2.209498E+01	8.715671E-01	5.895198E-04
5.238067E-03	2.190590E+01	8.445315E-01	5.893738E-04
5.409005E-03	2.239190E+01	8.161743E-01	5.896503E-04
5.585522E-03	2.189760E+01	7.961836E-01	5.893013E-04
5.767799E-03	2.131911E+01	7.733360E-01	5.894250E-04
5.956025E-03	2.176508E+01	7.450878E-01	5.895865E-04
6.150393E-03	2.136823E+01	7.196100E-01	5.895310E-04
6.351104E-03	2.029838E+01	6.958182E-01	5.893899E-04
6.558366E-03	1.974528E+01	6.747090E-01	5.894688E-04
6.772390E-03	2.026951E+01	6.512416E-01	5.895654E-04
6.993400E-03	2.034735E+01	6.333549E-01	5.895039E-04
7.221622E-03	1.973016E+01	6.123146E-01	5.894379E-04
7.457291E-03	2.030401E+01	5.948721E-01	5.894838E-04
7.700651E-03	1.959032E+01	5.724187E-01	5.894729E-04
7.951954E-03	1.943442E+01	5.544664E-01	5.895321E-04
8.211457E-03	1.915994E+01	5.367701E-01	5.894342E-04
8.479428E-03	1.994561E+01	5.187715E-01	5.893546E-04
8.756145E-03	1.934127E+01	4.974851E-01	5.896342E-04
9.041892E-03	1.968628E+01	4.848208E-01	5.893444E-04
9.336964E-03	1.923293E+01	4.694430E-01	5.895225E-04
9.641665E-03	1.872481E+01	4.551173E-01	5.894696E-04
9.956310E-03	1.827960E+01	4.429565E-01	5.894411E-04
1.028122E-02	1.867889E+01	4.272246E-01	5.895298E-04
1.061674E-02	1.825592E+01	4.145331E-01	5.894042E-04
1.096320E-02	1.813495E+01	4.007126E-01	5.895280E-04
1.132098E-02	1.815715E+01	3.890054E-01	5.894489E-04
1.169042E-02	1.752716E+01	3.757071E-01	5.894437E-04
1.207193E-02	1.737494E+01	3.628706E-01	5.895299E-04
1.246588E-02	1.709649E+01	3.517117E-01	5.894342E-04
1.287269E-02	1.686832E+01	3.402866E-01	5.894493E-04
1.329278E-02	1.690551E+01	3.292623E-01	5.893838E-04
1.372657E-02	1.680429E+01	3.178655E-01	5.895469E-04
1.417452E-02	1.646604E+01	3.084297E-01	5.894262E-04
1.463709E-02	1.633371E+01	2.992525E-01	5.894118E-04
1.511476E-02	1.596068E+01	2.898554E-01	5.895083E-04
1.560801E-02	1.584164E+01	2.801197E-01	5.894147E-04
1.611736E-02	1.557657E+01	2.709367E-01	5.894521E-04
1.664333E-02	1.541337E+01	2.627399E-01	5.894036E-04
1.718647E-02	1.515929E+01	2.542328E-01	5.894639E-04
1.774733E-02	1.475228E+01	2.458060E-01	5.894289E-04
1.832650E-02	1.444001E+01	2.379314E-01	5.894260E-04
1.892456E-02	1.395918E+01	2.301720E-01	5.895201E-04
1.954214E-02	1.343038E+01	2.219139E-01	5.903465E-04
2.017988E-02	1.332015E+01	2.164240E-01	5.917365E-04
2.083843E-02	1.275028E+01	2.138372E-01	5.933144E-04
2.151846E-02	1.299421E+01	2.159760E-01	5.944916E-04
2.222069E-02	1.289480E+01	2.227308E-01	5.945803E-04
2.294584E-02	1.276315E+01	2.300160E-01	5.944131E-04
2.369465E-02	1.265602E+01	2.348567E-01	5.944855E-04
2.446790E-02	1.213406E+01	2.416761E-01	5.959279E-04
2.526638E-02	1.205689E+01	2.511253E-01	5.977141E-04
2.609093E-02	1.163462E+01	2.651250E-01	5.996092E-04
2.694237E-02	1.120358E+01	2.874168E-01	6.011136E-04
2.782161E-02	1.087226E+01	3.167359E-01	6.029164E-04
2.872953E-02	1.009898E+01	3.544847E-01	6.056684E-04
2.966709E-02	9.813002E+00	4.004033E-01	6.093490E-04
3.063524E-02	9.412313E+00	4.708876E-01	6.149625E-04
3.163499E-02	8.011061E+00	5.980132E-01	6.204710E-04
3.266736E-02	7.171360E+00	8.288376E-01	6.266252E-04
3.373342E-02	6.740667E+00	1.381603E+00	6.332986E-04
3.483428E-02	4.081122E+00	4.655043E+00	6.387083E-04
