# I(Q)
#Q (1/A)        I (1/cm)        dI (1/cm)       dQ (1/A)
1.449827E-03	3.031532E+00	1.295856E+01	5.523228E-04
1.497141E-03	1.576973E+01	7.393333E+00	5.607494E-04
1.545998E-03	2.049023E+01	5.364165E+00	5.692518E-04
1.596450E-03	1.559863E+01	4.598115E+00	5.812044E-04
1.648549E-03	2.521833E+01	3.876644E+00	5.875602E-04
1.702347E-03	3.624965E+01	4.423235E+00	5.856781E-04
1.757901E-03	5.396930E+01	4.282528E+00	5.818509E-04
1.815268E-03	4.507162E+01	3.851704E+00	5.836350E-04
1.874508E-03	4.754636E+01	3.408301E+00	5.884726E-04
1.935680E-03	7.767885E+01	3.587927E+00	5.871856E-04
1.998849E-03	6.630993E+01	3.067612E+00	5.885884E-04
2.064079E-03	8.817093E+01	3.528396E+00	5.866730E-04
2.131438E-03	8.179195E+01	3.178180E+00	5.866334E-04
2.200995E-03	8.422812E+01	3.004082E+00	5.884360E-04
2.272822E-03	7.918684E+01	2.815069E+00	5.869386E-04
2.346993E-03	7.878740E+01	2.660727E+00	5.897483E-04
2.423585E-03	7.323340E+01	2.360975E+00	5.873766E-04
2.502675E-03	7.572496E+01	2.248672E+00	5.876425E-04
2.584348E-03	8.128327E+01	2.279141E+00	5.842381E-04
2.668685E-03	8.033381E+01	2.033509E+00	5.839109E-04
2.755774E-03	7.660715E+01	1.792492E+00	5.877762E-04
2.845706E-03	7.263366E+01	1.667072E+00	5.860731E-04
2.938572E-03	8.228945E+01	1.664748E+00	5.883110E-04
3.034469E-03	7.412199E+01	1.494757E+00	5.889564E-04
3.133496E-03	7.307496E+01	1.404949E+00	5.878343E-04
3.235754E-03	6.996939E+01	1.312486E+00	5.903011E-04
3.341349E-03	6.873767E+01	1.241458E+00	5.888492E-04
3.450390E-03	6.731040E+01	1.204453E+00	5.896572E-04
3.562990E-03	6.216963E+01	1.112894E+00	5.895653E-04
3.679264E-03	6.013543E+01	1.072900E+00	5.892287E-04
3.799333E-03	5.777711E+01	1.013393E+00	5.895469E-04
3.923320E-03	5.671529E+01	9.985343E-01	5.894088E-04
4.051353E-03	5.478767E+01	9.352885E-01	5.895795E-04
4.183564E-03	5.152111E+01	8.870460E-01	5.893367E-04
4.320090E-03	5.009485E+01	8.461647E-01	5.897839E-04
4.461071E-03	4.924186E+01	8.215350E-01	5.891503E-04
4.606654E-03	5.034005E+01	8.042431E-01	5.896117E-04
4.756987E-03	4.773175E+01	7.541215E-01	5.894217E-04
4.912225E-03	4.603266E+01	7.332661E-01	5.894774E-04
5.072530E-03	4.630308E+01	7.056814E-01	5.895198E-04
5.238067E-03	4.683186E+01	6.859266E-01	5.893738E-04
5.409005E-03	4.539431E+01	6.541493E-01	5.896503E-04
5.585522E-03	4.537271E+01	6.367396E-01	5.893013E-04
5.767799E-03	4.421005E+01	6.138583E-01	5.894250E-04
5.956025E-03	4.396511E+01	5.918730E-01	5.895865E-04
6.150393E-03	4.392817E+01	5.711844E-01	5.895310E-04
6.351104E-03	4.260745E+01	5.526936E-01	5.893899E-04
6.558365E-03	4.137995E+01	5.278646E-01	5.894688E-04
6.772390E-03	4.146998E+01	5.104147E-01	5.895654E-04
6.993400E-03	4.054581E+01	4.930307E-01	5.895039E-04
7.221621E-03	3.874692E+01	4.706050E-01	5.894379E-04
7.457291E-03	3.882021E+01	4.583717E-01	5.894838E-04
7.700651E-03	3.824195E+01	4.372702E-01	5.894729E-04
7.951953E-03	3.811438E+01	4.260946E-01	5.895321E-04
8.211456E-03	3.698526E+01	4.089212E-01	5.894342E-04
8.479428E-03	3.631892E+01	3.935845E-01	5.893546E-04
8.756145E-03	3.541587E+01	3.758500E-01	5.896342E-04
9.041892E-03	3.540154E+01	3.656574E-01	5.893444E-04
9.336964E-03	3.434057E+01	3.526368E-01	5.895225E-04
9.641665E-03	3.362715E+01	3.393024E-01	5.894696E-04
9.956310E-03	3.249984E+01	3.276471E-01	5.894411E-04
1.028122E-02	3.207813E+01	3.153228E-01	5.895298E-04
1.061674E-02	3.154100E+01	3.054142E-01	5.894042E-04
1.096320E-02	3.047506E+01	2.925246E-01	5.895280E-04
1.132098E-02	2.954240E+01	2.821549E-01	5.894489E-04
1.169042E-02	2.914713E+01	2.722752E-01	5.894437E-04
1.207193E-02	2.859356E+01	2.624144E-01	5.895299E-04
1.246588E-02	2.786166E+01	2.542024E-01	5.894342E-04
1.287269E-02	2.737283E+01	2.441127E-01	5.894493E-04
1.329278E-02	2.661833E+01	2.347524E-01	5.893838E-04
1.372657E-02	2.631293E+01	2.267979E-01	5.895469E-04
1.417452E-02	2.504672E+01	2.178109E-01	5.894262E-04
1.463709E-02	2.442001E+01	2.106319E-01	5.894118E-04
1.511476E-02	2.389675E+01	2.037046E-01	5.895083E-04
1.560801E-02	2.337982E+01	1.963695E-01	5.894147E-04
1.611736E-02	2.258184E+01	1.889160E-01	5.894521E-04
1.664333E-02	2.210797E+01	1.829328E-01	5.894036E-04
1.718647E-02	2.143843E+01	1.760205E-01	5.894639E-04
1.774733E-02	2.084161E+01	1.700031E-01	5.894289E-04
1.832650E-02	2.010767E+01	1.637892E-01	5.894260E-04
1.892456E-02	1.945417E+01	1.582579E-01	5.895201E-04
1.954214E-02	1.829270E+01	1.519496E-01	5.903465E-04
2.017988E-02	1.775518E+01	1.478759E-01	5.917365E-04
2.083843E-02	1.730294E+01	1.461688E-01	5.933144E-04
2.151846E-02	1.712091E+01	1.474268E-01	5.944916E-04
2.222069E-02	1.658334E+01	1.515238E-01	5.945803E-04
2.294584E-02	1.634421E+01	1.562978E-01	5.944131E-04
2.369465E-02	1.603912E+01	1.594798E-01	5.944855E-04
2.446790E-02	1.570936E+01	1.643811E-01	5.959279E-04
2.526638E-02	1.521191E+01	1.704042E-01	5.977141E-04
2.609093E-02	1.475705E+01	1.797924E-01	5.996092E-04
2.694237E-02	1.388727E+01	1.945250E-01	6.011136E-04
2.782161E-02	1.306451E+01	2.140608E-01	6.029164E-04
2.872953E-02	1.216770E+01	2.389176E-01	6.056684E-04
2.966709E-02	1.157946E+01	2.703038E-01	6.093490E-04
3.063524E-02	1.102946E+01	3.187285E-01	6.149625E-04
3.163499E-02	1.008829E+01	4.067048E-01	6.204710E-04
3.266736E-02	9.131480E+00	5.583184E-01	6.266252E-04
3.373342E-02	8.161142E+00	9.421241E-01	6.332986E-04
3.483428E-02	2.666609E+00	3.060503E+00	6.387083E-04
