# I(Q)
#Q (1/A)        I (1/cm)        dI (1/cm)       dQ (1/A)
1.449827E-03	5.205332E+00	2.194143E+01	5.523228E-04
1.497141E-03	2.358008E+01	1.242243E+01	5.607494E-04
1.545998E-03	1.799543E+01	8.440089E+00	5.692518E-04
1.596450E-03	1.473872E+01	7.255793E+00	5.812044E-04
1.648549E-03	3.018505E+01	6.050589E+00	5.875602E-04
1.702347E-03	3.807012E+01	6.799399E+00	5.856781E-04
1.757901E-03	4.853866E+01	6.281015E+00	5.818509E-04
1.815268E-03	4.038808E+01	5.622869E+00	5.836350E-04
1.874508E-03	4.698003E+01	5.061452E+00	5.884726E-04
1.935680E-03	7.874897E+01	5.072051E+00	5.871856E-04
1.998849E-03	6.881577E+01	4.364531E+00	5.885884E-04
2.064079E-03	8.619175E+01	4.802276E+00	5.866730E-04
2.131438E-03	7.945806E+01	4.415166E+00	5.866334E-04
2.200995E-03	8.323185E+01	4.184635E+00	5.884360E-04
2.272822E-03	8.031370E+01	3.983754E+00	5.869386E-04
2.346993E-03	8.255538E+01	3.762153E+00	5.897483E-04
2.423584E-03	7.375737E+01	3.386318E+00	5.873766E-04
2.502675E-03	7.447318E+01	3.161699E+00	5.876425E-04
2.584347E-03	8.231530E+01	3.232983E+00	5.842381E-04
2.668685E-03	7.855622E+01	2.847852E+00	5.839109E-04
2.755774E-03	7.501811E+01	2.502565E+00	5.877762E-04
2.845706E-03	7.258668E+01	2.342288E+00	5.860731E-04
2.938572E-03	8.417027E+01	2.336610E+00	5.883110E-04
3.034469E-03	7.500125E+01	2.123534E+00	5.889564E-04
3.133496E-03	7.521924E+01	2.009769E+00	5.878343E-04
3.235754E-03	7.141380E+01	1.866689E+00	5.903011E-04
3.341349E-03	6.702233E+01	1.760103E+00	5.888492E-04
3.450390E-03	6.855852E+01	1.723803E+00	5.896572E-04
3.562990E-03	6.238737E+01	1.596753E+00	5.895653E-04
3.679264E-03	6.027182E+01	1.536057E+00	5.892287E-04
3.799333E-03	5.770103E+01	1.463612E+00	5.895469E-04
3.923320E-03	5.699626E+01	1.448612E+00	5.894088E-04
4.051353E-03	5.476427E+01	1.351852E+00	5.895795E-04
4.183564E-03	5.171646E+01	1.298519E+00	5.893367E-04
4.320090E-03	5.051788E+01	1.242815E+00	5.897839E-04
4.461071E-03	4.987401E+01	1.217905E+00	5.891503E-04
4.606653E-03	4.954059E+01	1.170383E+00	5.896117E-04
4.756986E-03	4.801402E+01	1.121268E+00	5.894217E-04
4.912225E-03	4.696445E+01	1.095730E+00	5.894683E-04
5.072530E-03	4.683830E+01	1.046328E+00	5.895282E-04
5.238067E-03	4.728715E+01	1.012504E+00	5.893738E-04
5.409005E-03	4.570202E+01	9.717983E-01	5.896503E-04
5.585522E-03	4.576186E+01	9.468054E-01	5.893013E-04
5.767799E-03	4.472888E+01	9.187277E-01	5.894250E-04
5.956025E-03	4.372834E+01	8.828465E-01	5.895865E-04
6.150393E-03	4.434252E+01	8.548181E-01	5.895310E-04
6.351104E-03	4.271586E+01	8.270280E-01	5.893899E-04
6.558365E-03	4.129959E+01	7.940475E-01	5.894688E-04
6.772390E-03	4.164808E+01	7.671835E-01	5.895654E-04
6.993400E-03	4.040414E+01	7.423871E-01	5.895039E-04
7.221621E-03	3.931431E+01	7.150103E-01	5.894379E-04
7.457291E-03	3.885300E+01	6.956974E-01	5.894837E-04
7.700651E-03	3.797769E+01	6.644826E-01	5.894729E-04
7.951953E-03	3.842517E+01	6.466974E-01	5.895321E-04
8.211456E-03	3.651874E+01	6.228789E-01	5.894342E-04
8.479428E-03	3.604534E+01	5.998153E-01	5.893546E-04
8.756145E-03	3.548437E+01	5.750843E-01	5.896342E-04
9.041892E-03	3.576695E+01	5.613933E-01	5.893444E-04
9.336964E-03	3.480067E+01	5.416478E-01	5.895225E-04
9.641665E-03	3.371206E+01	5.240141E-01	5.894696E-04
9.956310E-03	3.226298E+01	5.075116E-01	5.894411E-04
1.028122E-02	3.195165E+01	4.882591E-01	5.895298E-04
1.061674E-02	3.137689E+01	4.740180E-01	5.894042E-04
1.096320E-02	3.050876E+01	4.563798E-01	5.895280E-04
1.132098E-02	2.967209E+01	4.415354E-01	5.894489E-04
1.169042E-02	2.925458E+01	4.260652E-01	5.894437E-04
1.207193E-02	2.865754E+01	4.115720E-01	5.895299E-04
1.246588E-02	2.769987E+01	3.988639E-01	5.894342E-04
1.287269E-02	2.770955E+01	3.849154E-01	5.894493E-04
1.329278E-02	2.698068E+01	3.706537E-01	5.893838E-04
1.372657E-02	2.620736E+01	3.582916E-01	5.895469E-04
1.417452E-02	2.522115E+01	3.461261E-01	5.894262E-04
1.463709E-02	2.440262E+01	3.351974E-01	5.894118E-04
1.511476E-02	2.383311E+01	3.246567E-01	5.895083E-04
1.560801E-02	2.351060E+01	3.138671E-01	5.894147E-04
1.611736E-02	2.243203E+01	3.028624E-01	5.894521E-04
1.664333E-02	2.224965E+01	2.936291E-01	5.894036E-04
1.718647E-02	2.136516E+01	2.833925E-01	5.894639E-04
1.774733E-02	2.081083E+01	2.740620E-01	5.894289E-04
1.832650E-02	2.005432E+01	2.648460E-01	5.894260E-04
1.892456E-02	1.948241E+01	2.562732E-01	5.895201E-04
1.954214E-02	1.841388E+01	2.467937E-01	5.903465E-04
2.017988E-02	1.784857E+01	2.402002E-01	5.917365E-04
2.083843E-02	1.720622E+01	2.376149E-01	5.933144E-04
2.151846E-02	1.707055E+01	2.393372E-01	5.944916E-04
2.222069E-02	1.655272E+01	2.466398E-01	5.945803E-04
2.294584E-02	1.642564E+01	2.551401E-01	5.944131E-04
2.369465E-02	1.591094E+01	2.600799E-01	5.944855E-04
2.446790E-02	1.565038E+01	2.678074E-01	5.959279E-04
2.526638E-02	1.525850E+01	2.780569E-01	5.977141E-04
2.609092E-02	1.474930E+01	2.932817E-01	5.996092E-04
2.694237E-02	1.382721E+01	3.180163E-01	6.011136E-04
2.782161E-02	1.303724E+01	3.499278E-01	6.029164E-04
2.872953E-02	1.225116E+01	3.915842E-01	6.056684E-04
2.966709E-02	1.165332E+01	4.428324E-01	6.093490E-04
3.063524E-02	1.113949E+01	5.195351E-01	6.149625E-04
3.163499E-02	1.005316E+01	6.645143E-01	6.204710E-04
3.266736E-02	9.078371E+00	9.175755E-01	6.266252E-04
3.373342E-02	7.436281E+00	1.535826E+00	6.332986E-04
3.483428E-02	4.579910E+00	5.180650E+00	6.387083E-04
