# I(Q)
#Q (1/A)        I (1/cm)        dI (1/cm)       dQ (1/A)
4.285984E-03	8.492714E+01	2.065303E+01	9.073135E-04
4.425216E-03	7.670526E+01	1.216612E+01	9.205433E-04
4.568971E-03	8.222861E+01	8.563648E+00	9.357565E-04
4.717395E-03	7.576303E+01	7.249768E+00	9.540379E-04
4.870641E-03	8.637747E+01	6.650269E+00	9.642481E-04
5.028866E-03	7.324711E+01	5.505948E+00	9.656075E-04
5.192230E-03	7.328426E+01	4.675597E+00	9.808896E-04
5.360901E-03	7.907793E+01	4.332206E+00	9.905083E-04
5.535052E-03	7.845970E+01	3.927548E+00	9.882435E-04
5.714860E-03	7.186216E+01	3.539253E+00	9.844859E-04
5.900509E-03	7.138848E+01	3.165697E+00	9.915477E-04
6.092189E-03	7.113983E+01	2.995189E+00	9.965949E-04
6.290096E-03	6.840470E+01	2.909595E+00	9.877011E-04
6.494432E-03	7.398533E+01	2.732070E+00	9.863278E-04
6.705406E-03	7.147876E+01	2.468025E+00	9.846950E-04
6.923233E-03	7.472794E+01	2.175325E+00	9.853794E-04
7.148137E-03	6.577184E+01	2.013915E+00	9.870204E-04
7.380346E-03	6.909428E+01	1.904407E+00	9.876579E-04
7.620099E-03	6.907113E+01	1.743986E+00	9.932104E-04
7.867641E-03	6.551425E+01	1.615489E+00	9.948920E-04
8.123224E-03	6.852500E+01	1.537381E+00	9.956512E-04
8.387109E-03	6.786723E+01	1.458833E+00	1.000315E-03
8.659567E-03	6.692439E+01	1.410481E+00	9.973320E-04
8.940876E-03	6.577704E+01	1.326737E+00	1.000754E-03
9.231324E-03	6.453015E+01	1.275020E+00	1.000306E-03
9.531206E-03	6.496421E+01	1.221410E+00	1.001055E-03
9.840831E-03	6.073614E+01	1.167926E+00	1.000967E-03
1.016051E-02	6.285130E+01	1.158645E+00	1.000590E-03
1.049058E-02	6.158897E+01	1.099701E+00	1.001097E-03
1.083137E-02	6.125854E+01	1.065929E+00	1.000936E-03
1.118323E-02	6.167139E+01	1.040803E+00	1.000485E-03
1.154652E-02	6.025450E+01	1.000264E+00	1.001096E-03
1.192162E-02	5.906965E+01	9.576543E-01	1.000942E-03
1.230889E-02	5.694138E+01	9.232690E-01	1.000766E-03
1.270875E-02	5.843626E+01	8.982349E-01	1.000919E-03
1.312160E-02	5.674623E+01	8.570625E-01	1.000966E-03
1.354786E-02	5.473497E+01	8.264829E-01	1.000575E-03
1.398797E-02	5.458046E+01	7.966091E-01	1.000583E-03
1.444237E-02	5.355033E+01	7.689418E-01	1.001273E-03
1.491153E-02	5.225263E+01	7.439260E-01	1.000809E-03
1.539594E-02	5.291339E+01	7.158810E-01	1.000901E-03
1.589608E-02	5.168789E+01	6.924033E-01	1.001143E-03
1.641247E-02	5.115396E+01	6.717522E-01	1.001025E-03
1.694564E-02	4.934159E+01	6.445507E-01	1.000701E-03
1.749612E-02	4.857606E+01	6.254001E-01	1.001213E-03
1.806449E-02	4.551155E+01	5.938893E-01	1.002349E-03
1.865132E-02	4.597036E+01	5.853247E-01	1.002268E-03
1.925721E-02	4.413058E+01	5.573275E-01	1.001893E-03
1.988279E-02	4.365781E+01	5.431222E-01	1.001463E-03
2.052869E-02	4.205820E+01	5.199545E-01	1.001166E-03
2.119557E-02	4.025693E+01	5.019874E-01	1.000498E-03
2.188412E-02	3.983878E+01	4.845720E-01	1.000637E-03
2.259503E-02	3.812507E+01	4.608521E-01	1.002114E-03
2.332904E-02	3.747915E+01	4.465170E-01	1.002913E-03
2.408689E-02	3.567860E+01	4.282426E-01	1.002397E-03
2.486936E-02	3.444412E+01	4.128569E-01	1.002102E-03
2.567725E-02	3.342462E+01	4.019825E-01	1.001348E-03
2.651138E-02	3.294052E+01	3.898721E-01	1.000537E-03
2.737261E-02	3.110617E+01	3.765951E-01	1.000086E-03
2.826182E-02	3.018219E+01	3.627469E-01	1.000775E-03
2.917992E-02	2.901066E+01	3.482177E-01	1.001256E-03
3.012784E-02	2.738868E+01	3.343557E-01	1.001451E-03
3.110655E-02	2.593005E+01	3.216447E-01	1.001163E-03
3.211706E-02	2.498606E+01	3.086509E-01	1.001589E-03
3.316039E-02	2.389000E+01	2.990779E-01	1.001462E-03
3.423762E-02	2.279512E+01	2.869273E-01	1.001622E-03
3.534984E-02	2.165512E+01	2.765757E-01	1.001990E-03
3.649819E-02	2.034912E+01	2.658474E-01	1.001805E-03
3.768384E-02	1.942077E+01	2.572968E-01	1.001479E-03
3.890802E-02	1.815248E+01	2.484610E-01	1.001028E-03
4.017196E-02	1.711675E+01	2.397229E-01	1.000762E-03
4.147696E-02	1.619133E+01	2.310820E-01	1.000873E-03
4.282435E-02	1.510777E+01	2.221095E-01	1.001204E-03
4.421551E-02	1.436784E+01	2.142132E-01	1.001768E-03
4.565187E-02	1.312489E+01	2.065504E-01	1.001851E-03
4.713488E-02	1.253724E+01	1.998721E-01	1.001980E-03
4.866608E-02	1.165584E+01	1.929782E-01	1.001817E-03
5.024701E-02	1.078777E+01	1.869336E-01	1.001759E-03
5.187930E-02	1.005232E+01	1.812295E-01	1.001788E-03
5.356462E-02	9.136269E+00	1.752937E-01	1.003514E-03
5.530468E-02	8.624151E+00	1.695131E-01	1.007436E-03
5.710127E-02	7.990992E+00	1.658438E-01	1.011881E-03
5.895623E-02	7.318215E+00	1.638778E-01	1.016063E-03
6.087144E-02	6.724452E+00	1.640223E-01	1.019516E-03
6.284887E-02	6.239247E+00	1.650977E-01	1.022417E-03
6.489053E-02	5.783422E+00	1.686345E-01	1.025434E-03
6.699852E-02	5.259459E+00	1.751791E-01	1.027885E-03
6.917499E-02	4.771867E+00	1.819876E-01	1.031372E-03
7.142217E-02	4.324091E+00	1.891917E-01	1.036650E-03
7.374234E-02	3.827228E+00	1.984057E-01	1.043230E-03
7.613788E-02	3.517920E+00	2.105120E-01	1.050639E-03
7.861125E-02	3.062925E+00	2.286762E-01	1.058125E-03
8.116496E-02	2.768009E+00	2.488467E-01	1.068482E-03
8.380163E-02	2.501667E+00	2.744849E-01	1.080802E-03
8.652396E-02	2.297773E+00	3.141416E-01	1.093138E-03
8.933472E-02	1.991316E+00	3.779404E-01	1.104570E-03
9.223678E-02	1.698134E+00	4.866633E-01	1.116190E-03
9.523313E-02	1.748618E+00	6.866040E-01	1.128378E-03
9.832681E-02	1.502930E+00	1.190264E+00	1.141528E-03
1.015210E-01	7.663835E-01	4.133433E+00	1.151986E-03
