# I(Q)
#Q (1/A)        I (1/cm)        dI (1/cm)       dQ (1/A)
4.286093E-03	8.274653E+01	1.769126E+01	9.073235E-04
4.425327E-03	7.223349E+01	9.876277E+00	9.205465E-04
4.569084E-03	8.400327E+01	7.332747E+00	9.357578E-04
4.717511E-03	7.867588E+01	6.254616E+00	9.540394E-04
4.870760E-03	8.206900E+01	5.586453E+00	9.642502E-04
5.028987E-03	7.506800E+01	4.547717E+00	9.656086E-04
5.192354E-03	7.270107E+01	3.885592E+00	9.808909E-04
5.361028E-03	7.770004E+01	3.624694E+00	9.905091E-04
5.535181E-03	7.763900E+01	3.280415E+00	9.882448E-04
5.714992E-03	7.255981E+01	2.955384E+00	9.844871E-04
5.900644E-03	7.096140E+01	2.647956E+00	9.919241E-04
6.092327E-03	7.092252E+01	2.502640E+00	9.962832E-04
6.290236E-03	6.896765E+01	2.420622E+00	9.877023E-04
6.494575E-03	7.160040E+01	2.234304E+00	9.863289E-04
6.705552E-03	7.090935E+01	2.048750E+00	9.846964E-04
6.923382E-03	7.349580E+01	1.826134E+00	9.853803E-04
7.148289E-03	6.716217E+01	1.686691E+00	9.872241E-04
7.380501E-03	6.989198E+01	1.585831E+00	9.874208E-04
7.620257E-03	6.934268E+01	1.452088E+00	9.933979E-04
7.867802E-03	6.562567E+01	1.347423E+00	9.947824E-04
8.123388E-03	6.892598E+01	1.287816E+00	9.956590E-04
8.387277E-03	6.875927E+01	1.226299E+00	1.000316E-03
8.659738E-03	6.597556E+01	1.169338E+00	9.973328E-04
8.941050E-03	6.516068E+01	1.105265E+00	1.000714E-03
9.231501E-03	6.493885E+01	1.057941E+00	1.000405E-03
9.531387E-03	6.444810E+01	1.020486E+00	1.000974E-03
9.841015E-03	6.132048E+01	9.710737E-01	1.000972E-03
1.016070E-02	6.212275E+01	9.579113E-01	1.000608E-03
1.049077E-02	6.182086E+01	9.158017E-01	1.001098E-03
1.083157E-02	6.177570E+01	8.900487E-01	1.000898E-03
1.118343E-02	6.144152E+01	8.655388E-01	1.000541E-03
1.154672E-02	5.988369E+01	8.280643E-01	1.001135E-03
1.192182E-02	5.897845E+01	7.947525E-01	1.000907E-03
1.230910E-02	5.721334E+01	7.643050E-01	1.000750E-03
1.270896E-02	5.827351E+01	7.424209E-01	1.000936E-03
1.312181E-02	5.729886E+01	7.104581E-01	1.000933E-03
1.354808E-02	5.517460E+01	6.837935E-01	1.000591E-03
1.398819E-02	5.463669E+01	6.573528E-01	1.000585E-03
1.444260E-02	5.399530E+01	6.330872E-01	1.001317E-03
1.491176E-02	5.298970E+01	6.150039E-01	1.000734E-03
1.539617E-02	5.269538E+01	5.878849E-01	1.000970E-03
1.589632E-02	5.138932E+01	5.674475E-01	1.001109E-03
1.641271E-02	5.064116E+01	5.490751E-01	1.001018E-03
1.694588E-02	4.892135E+01	5.260957E-01	1.000728E-03
1.749637E-02	4.807074E+01	5.090661E-01	1.001196E-03
1.806474E-02	4.603749E+01	4.849041E-01	1.002372E-03
1.865157E-02	4.577676E+01	4.755595E-01	1.002293E-03
1.925747E-02	4.424258E+01	4.537292E-01	1.001853E-03
1.988305E-02	4.346909E+01	4.403601E-01	1.001457E-03
2.052895E-02	4.183441E+01	4.193311E-01	1.001168E-03
2.119584E-02	4.042950E+01	4.063356E-01	1.000491E-03
2.188439E-02	3.957338E+01	3.891724E-01	1.000642E-03
2.259530E-02	3.817476E+01	3.706112E-01	1.002128E-03
2.332931E-02	3.740184E+01	3.588906E-01	1.002897E-03
2.408717E-02	3.549317E+01	3.420758E-01	1.002409E-03
2.486964E-02	3.442227E+01	3.300544E-01	1.002094E-03
2.567753E-02	3.352151E+01	3.205144E-01	1.001358E-03
2.651167E-02	3.273160E+01	3.094076E-01	1.000521E-03
2.737290E-02	3.090518E+01	2.981092E-01	1.000100E-03
2.826211E-02	3.015453E+01	2.868226E-01	1.000763E-03
2.918021E-02	2.895259E+01	2.748624E-01	1.001273E-03
3.012813E-02	2.743507E+01	2.628167E-01	1.001450E-03
3.110684E-02	2.587510E+01	2.515501E-01	1.001168E-03
3.211735E-02	2.503430E+01	2.418727E-01	1.001573E-03
3.316069E-02	2.371384E+01	2.331052E-01	1.001470E-03
3.423791E-02	2.270342E+01	2.235790E-01	1.001601E-03
3.535014E-02	2.149123E+01	2.144892E-01	1.002001E-03
3.649849E-02	2.022186E+01	2.057197E-01	1.001827E-03
3.768414E-02	1.931234E+01	1.987787E-01	1.001468E-03
3.890831E-02	1.807180E+01	1.914367E-01	1.001031E-03
4.017225E-02	1.706155E+01	1.841985E-01	1.000755E-03
4.147725E-02	1.620968E+01	1.773922E-01	1.000867E-03
4.282464E-02	1.502921E+01	1.699569E-01	1.001203E-03
4.421581E-02	1.430498E+01	1.638367E-01	1.001769E-03
4.565216E-02	1.309089E+01	1.574546E-01	1.001849E-03
4.713517E-02	1.244880E+01	1.521022E-01	1.001991E-03
4.866636E-02	1.163969E+01	1.467544E-01	1.001804E-03
5.024729E-02	1.074070E+01	1.418703E-01	1.001752E-03
5.187958E-02	1.005894E+01	1.374464E-01	1.001788E-03
5.356489E-02	9.188237E+00	1.327649E-01	1.003516E-03
5.530495E-02	8.655263E+00	1.282298E-01	1.007435E-03
5.710154E-02	7.970601E+00	1.253618E-01	1.011880E-03
5.895648E-02	7.347410E+00	1.237772E-01	1.016061E-03
6.087169E-02	6.731321E+00	1.238074E-01	1.019516E-03
6.284911E-02	6.239296E+00	1.245272E-01	1.022411E-03
6.489077E-02	5.776323E+00	1.271057E-01	1.025439E-03
6.699875E-02	5.236526E+00	1.319406E-01	1.027872E-03
6.917521E-02	4.746298E+00	1.369738E-01	1.031373E-03
7.142237E-02	4.303407E+00	1.424185E-01	1.036647E-03
7.374253E-02	3.826851E+00	1.492035E-01	1.043231E-03
7.613806E-02	3.482702E+00	1.582859E-01	1.050638E-03
7.861141E-02	3.036155E+00	1.718774E-01	1.058121E-03
8.116511E-02	2.751606E+00	1.870165E-01	1.068487E-03
8.380176E-02	2.514172E+00	2.061863E-01	1.080802E-03
8.652407E-02	2.263868E+00	2.360403E-01	1.093138E-03
8.933481E-02	2.031553E+00	2.839092E-01	1.104570E-03
9.223686E-02	1.649896E+00	3.655411E-01	1.116190E-03
9.523318E-02	1.844650E+00	5.166922E-01	1.128378E-03
9.832683E-02	1.562303E+00	8.937498E-01	1.141528E-03
1.015210E-01	2.113576E+00	3.100601E+00	1.151986E-03
