# I(Q)
#Q (1/A)        I (1/cm)        dI (1/cm)       dQ (1/A)
4.286093E-03	6.700668E+01	8.543812E+00	9.073235E-04
4.425327E-03	7.176683E+01	4.951646E+00	9.205465E-04
4.569084E-03	7.731015E+01	3.744130E+00	9.357578E-04
4.717511E-03	8.018533E+01	3.311116E+00	9.540394E-04
4.870760E-03	7.884540E+01	2.850173E+00	9.642502E-04
5.028987E-03	7.583253E+01	2.366533E+00	9.656085E-04
5.192354E-03	7.781727E+01	2.068687E+00	9.808909E-04
5.361028E-03	7.461784E+01	1.848502E+00	9.905091E-04
5.535181E-03	7.497415E+01	1.670352E+00	9.882448E-04
5.714992E-03	7.295510E+01	1.532715E+00	9.844871E-04
5.900644E-03	7.411274E+01	1.416544E+00	9.919241E-04
6.092327E-03	7.406795E+01	1.310460E+00	9.962832E-04
6.290236E-03	6.953504E+01	1.221751E+00	9.877023E-04
6.494575E-03	7.136564E+01	1.146531E+00	9.863289E-04
6.705552E-03	7.018870E+01	1.032558E+00	9.846964E-04
6.923382E-03	7.114213E+01	9.380137E-01	9.853803E-04
7.148288E-03	6.903868E+01	8.713087E-01	9.872241E-04
7.380501E-03	6.997763E+01	8.163300E-01	9.874208E-04
7.620257E-03	6.831551E+01	7.405882E-01	9.933979E-04
7.867802E-03	6.842135E+01	7.010928E-01	9.947824E-04
8.123388E-03	6.821277E+01	6.571520E-01	9.956590E-04
8.387277E-03	6.779519E+01	6.278913E-01	1.000316E-03
8.659738E-03	6.525205E+01	5.929524E-01	9.973328E-04
8.941050E-03	6.552960E+01	5.695286E-01	1.000714E-03
9.231501E-03	6.428683E+01	5.401216E-01	1.000405E-03
9.531387E-03	6.455557E+01	5.237298E-01	1.000974E-03
9.841015E-03	6.302151E+01	4.986135E-01	1.000972E-03
1.016070E-02	6.232139E+01	4.870166E-01	1.000608E-03
1.049077E-02	6.234472E+01	4.684017E-01	1.001098E-03
1.083157E-02	6.147337E+01	4.504433E-01	1.000898E-03
1.118343E-02	6.079930E+01	4.349239E-01	1.000541E-03
1.154672E-02	5.999098E+01	4.175698E-01	1.001135E-03
1.192182E-02	5.926660E+01	4.029026E-01	1.000907E-03
1.230910E-02	5.870372E+01	3.877837E-01	1.000750E-03
1.270896E-02	5.793612E+01	3.736767E-01	1.000936E-03
1.312181E-02	5.710596E+01	3.588435E-01	1.000933E-03
1.354808E-02	5.558910E+01	3.444202E-01	1.000591E-03
1.398819E-02	5.483612E+01	3.306788E-01	1.000585E-03
1.444260E-02	5.389695E+01	3.170054E-01	1.001317E-03
1.491176E-02	5.324909E+01	3.073186E-01	1.000734E-03
1.539617E-02	5.262806E+01	2.944061E-01	1.000970E-03
1.589632E-02	5.097459E+01	2.804974E-01	1.001109E-03
1.641271E-02	5.007830E+01	2.700576E-01	1.001018E-03
1.694588E-02	4.906818E+01	2.594109E-01	1.000728E-03
1.749637E-02	4.789568E+01	2.487349E-01	1.001196E-03
1.806474E-02	4.720817E+01	2.395523E-01	1.002372E-03
1.865157E-02	4.585021E+01	2.309506E-01	1.002293E-03
1.925747E-02	4.420651E+01	2.192738E-01	1.001853E-03
1.988305E-02	4.354403E+01	2.117288E-01	1.001457E-03
2.052895E-02	4.223791E+01	2.022458E-01	1.001168E-03
2.119584E-02	4.094450E+01	1.933670E-01	1.000491E-03
2.188439E-02	3.962758E+01	1.845192E-01	1.000642E-03
2.259530E-02	3.842134E+01	1.755423E-01	1.002128E-03
2.332931E-02	3.714628E+01	1.678362E-01	1.002897E-03
2.408717E-02	3.598968E+01	1.604562E-01	1.002409E-03
2.486964E-02	3.450715E+01	1.521007E-01	1.002094E-03
2.567753E-02	3.334949E+01	1.457773E-01	1.001358E-03
2.651167E-02	3.256010E+01	1.401126E-01	1.000521E-03
2.737290E-02	3.105610E+01	1.332446E-01	1.000100E-03
2.826211E-02	2.975903E+01	1.265097E-01	1.000763E-03
2.918021E-02	2.871050E+01	1.206180E-01	1.001273E-03
3.012813E-02	2.733216E+01	1.139097E-01	1.001450E-03
3.110684E-02	2.595569E+01	1.078136E-01	1.001168E-03
3.211735E-02	2.502018E+01	1.030146E-01	1.001573E-03
3.316069E-02	2.377044E+01	9.732939E-02	1.001470E-03
3.423791E-02	2.268948E+01	9.262121E-02	1.001601E-03
3.535014E-02	2.148219E+01	8.746974E-02	1.002001E-03
3.649849E-02	2.028508E+01	8.258507E-02	1.001827E-03
3.768414E-02	1.918562E+01	7.851974E-02	1.001468E-03
3.890831E-02	1.797718E+01	7.421355E-02	1.001031E-03
4.017225E-02	1.705801E+01	7.042872E-02	1.000755E-03
4.147725E-02	1.602519E+01	6.660219E-02	1.000867E-03
4.282464E-02	1.503266E+01	6.293270E-02	1.001202E-03
4.421581E-02	1.414853E+01	5.958260E-02	1.001769E-03
4.565216E-02	1.326880E+01	5.644400E-02	1.001849E-03
4.713517E-02	1.244145E+01	5.366109E-02	1.001991E-03
4.866636E-02	1.158725E+01	5.088619E-02	1.001804E-03
5.024729E-02	1.076796E+01	4.834112E-02	1.001752E-03
5.187958E-02	1.006518E+01	4.611597E-02	1.001788E-03
5.356489E-02	9.313114E+00	4.395371E-02	1.003516E-03
5.530495E-02	8.691260E+00	4.209548E-02	1.007435E-03
5.710153E-02	7.977842E+00	4.061684E-02	1.011880E-03
5.895648E-02	7.330765E+00	3.961218E-02	1.016061E-03
6.087169E-02	6.793213E+00	3.924834E-02	1.019516E-03
6.284911E-02	6.235209E+00	3.910378E-02	1.022411E-03
6.489077E-02	5.749465E+00	3.955746E-02	1.025439E-03
6.699875E-02	5.177514E+00	4.054105E-02	1.027872E-03
6.917521E-02	4.720085E+00	4.176365E-02	1.031373E-03
7.142237E-02	4.283232E+00	4.313330E-02	1.036647E-03
7.374253E-02	3.862226E+00	4.484599E-02	1.043231E-03
7.613806E-02	3.498094E+00	4.736559E-02	1.050637E-03
7.861141E-02	3.048380E+00	5.112968E-02	1.058121E-03
8.116511E-02	2.769890E+00	5.558920E-02	1.068487E-03
8.380176E-02	2.500332E+00	6.107567E-02	1.080802E-03
8.652407E-02	2.201043E+00	6.980358E-02	1.093138E-03
8.933481E-02	2.031842E+00	8.368779E-02	1.104570E-03
9.223685E-02	1.782172E+00	1.079750E-01	1.116190E-03
9.523317E-02	1.754112E+00	1.520040E-01	1.128378E-03
9.832683E-02	1.542844E+00	2.642108E-01	1.141528E-03
1.015210E-01	2.363943E+00	9.724647E-01	1.151986E-03
