# I(Q)
#Q (1/A)        I (1/cm)        dI (1/cm)       dQ (1/A)
4.285984E-03	7.717381E+01	4.570434E+01	9.073135E-04
4.425216E-03	5.668413E+01	2.561482E+01	9.205433E-04
4.568970E-03	3.884343E+01	1.726354E+01	9.357565E-04
4.717395E-03	6.296433E+01	1.572723E+01	9.540379E-04
4.870641E-03	5.692744E+01	1.363148E+01	9.642481E-04
5.028866E-03	6.423960E+01	1.252857E+01	9.656075E-04
5.192230E-03	5.510512E+01	1.021380E+01	9.808896E-04
5.360901E-03	5.391158E+01	9.356420E+00	9.905082E-04
5.535052E-03	4.956840E+01	8.223069E+00	9.882435E-04
5.714860E-03	4.364198E+01	7.536022E+00	9.844859E-04
5.900509E-03	5.138752E+01	6.864200E+00	9.915477E-04
6.092189E-03	4.158976E+01	6.265670E+00	9.965949E-04
6.290096E-03	5.168764E+01	6.510953E+00	9.877011E-04
6.494432E-03	4.967409E+01	5.948297E+00	9.863278E-04
6.705406E-03	5.148800E+01	5.399105E+00	9.846950E-04
6.923233E-03	4.961894E+01	4.697105E+00	9.853793E-04
7.148136E-03	5.084569E+01	4.503447E+00	9.870204E-04
7.380346E-03	4.840139E+01	4.218582E+00	9.876579E-04
7.620099E-03	4.658831E+01	3.820446E+00	9.932104E-04
7.867640E-03	4.858423E+01	3.597583E+00	9.948920E-04
8.123223E-03	4.549847E+01	3.339390E+00	9.956512E-04
8.387109E-03	4.624811E+01	3.169123E+00	1.000315E-03
8.659567E-03	4.480337E+01	3.092071E+00	9.973320E-04
8.940876E-03	4.380731E+01	2.905317E+00	1.000754E-03
9.231323E-03	4.575116E+01	2.782250E+00	1.000306E-03
9.531206E-03	4.186527E+01	2.673932E+00	1.001055E-03
9.840830E-03	4.201633E+01	2.628246E+00	1.000967E-03
1.016051E-02	4.173390E+01	2.567231E+00	1.000590E-03
1.049058E-02	4.244520E+01	2.449835E+00	1.001097E-03
1.083137E-02	4.153467E+01	2.369680E+00	1.000936E-03
1.118323E-02	4.141628E+01	2.327557E+00	1.000485E-03
1.154652E-02	4.078407E+01	2.243621E+00	1.001096E-03
1.192162E-02	3.985339E+01	2.162764E+00	1.000942E-03
1.230889E-02	4.100644E+01	2.116076E+00	1.000766E-03
1.270875E-02	3.977880E+01	2.035702E+00	1.000919E-03
1.312160E-02	3.921388E+01	1.959184E+00	1.000966E-03
1.354786E-02	3.838971E+01	1.917515E+00	1.000575E-03
1.398797E-02	3.799227E+01	1.835438E+00	1.000583E-03
1.444237E-02	3.489713E+01	1.770476E+00	1.001273E-03
1.491153E-02	3.518049E+01	1.738602E+00	1.000809E-03
1.539594E-02	3.557775E+01	1.658466E+00	1.000901E-03
1.589608E-02	3.466923E+01	1.622234E+00	1.001142E-03
1.641247E-02	3.512247E+01	1.570928E+00	1.001025E-03
1.694564E-02	3.288602E+01	1.523593E+00	1.000701E-03
1.749612E-02	3.265092E+01	1.484847E+00	1.001213E-03
1.806449E-02	3.181222E+01	1.432361E+00	1.002349E-03
1.865132E-02	3.020395E+01	1.406589E+00	1.002268E-03
1.925721E-02	2.947324E+01	1.354122E+00	1.001893E-03
1.988279E-02	2.803315E+01	1.320359E+00	1.001463E-03
2.052869E-02	2.854214E+01	1.276018E+00	1.001166E-03
2.119557E-02	2.671867E+01	1.240663E+00	1.000498E-03
2.188412E-02	2.595390E+01	1.196013E+00	1.000637E-03
2.259503E-02	2.476147E+01	1.147355E+00	1.002114E-03
2.332904E-02	2.524221E+01	1.115350E+00	1.002913E-03
2.408689E-02	2.321098E+01	1.077614E+00	1.002397E-03
2.486936E-02	2.238693E+01	1.047797E+00	1.002102E-03
2.567725E-02	2.145850E+01	1.024667E+00	1.001348E-03
2.651138E-02	2.116621E+01	9.958702E-01	1.000537E-03
2.737261E-02	1.949592E+01	9.698051E-01	1.000086E-03
2.826182E-02	1.926897E+01	9.407895E-01	1.000775E-03
2.917992E-02	1.802815E+01	9.081661E-01	1.001256E-03
3.012784E-02	1.746738E+01	8.781204E-01	1.001451E-03
3.110655E-02	1.670449E+01	8.498200E-01	1.001163E-03
3.211706E-02	1.526171E+01	8.185791E-01	1.001589E-03
3.316039E-02	1.499198E+01	7.961582E-01	1.001461E-03
3.423762E-02	1.414518E+01	7.677918E-01	1.001622E-03
3.534984E-02	1.306608E+01	7.424774E-01	1.001990E-03
3.649819E-02	1.286532E+01	7.187169E-01	1.001805E-03
3.768384E-02	1.192695E+01	6.980036E-01	1.001479E-03
3.890801E-02	1.110815E+01	6.771210E-01	1.001028E-03
4.017195E-02	1.016895E+01	6.566971E-01	1.000762E-03
4.147695E-02	9.737912E+00	6.348844E-01	1.000873E-03
4.282435E-02	9.416601E+00	6.123578E-01	1.001204E-03
4.421551E-02	8.749764E+00	5.916851E-01	1.001768E-03
4.565187E-02	7.998598E+00	5.729826E-01	1.001851E-03
4.713488E-02	7.451341E+00	5.554840E-01	1.001980E-03
4.866607E-02	6.807862E+00	5.376390E-01	1.001817E-03
5.024701E-02	6.211472E+00	5.223207E-01	1.001759E-03
5.187930E-02	5.931225E+00	5.074464E-01	1.001788E-03
5.356462E-02	5.525192E+00	4.918658E-01	1.003514E-03
5.530468E-02	4.918450E+00	4.759446E-01	1.007436E-03
5.710127E-02	4.541435E+00	4.665441E-01	1.011881E-03
5.895622E-02	4.114038E+00	4.615760E-01	1.016063E-03
6.087144E-02	3.783757E+00	4.625230E-01	1.019516E-03
6.284887E-02	3.560940E+00	4.660784E-01	1.022417E-03
6.489053E-02	3.321999E+00	4.765571E-01	1.025434E-03
6.699852E-02	3.068786E+00	4.952462E-01	1.027885E-03
6.917499E-02	2.779127E+00	5.152145E-01	1.031372E-03
7.142217E-02	2.607054E+00	5.359811E-01	1.036650E-03
7.374234E-02	2.208588E+00	5.623363E-01	1.043230E-03
7.613788E-02	2.021024E+00	5.976011E-01	1.050639E-03
7.861125E-02	1.884006E+00	6.500573E-01	1.058125E-03
8.116496E-02	1.620943E+00	7.080986E-01	1.068481E-03
8.380163E-02	1.428292E+00	7.828543E-01	1.080802E-03
8.652395E-02	1.328598E+00	8.971009E-01	1.093138E-03
8.933471E-02	9.429772E-01	1.080603E+00	1.104570E-03
9.223678E-02	1.272530E+00	1.392921E+00	1.116190E-03
9.523312E-02	8.038509E-01	1.966255E+00	1.128378E-03
9.832680E-02	1.192797E+00	3.406523E+00	1.141528E-03
1.015210E-01	-5.507555E-03	1.187485E+01	1.151986E-03
