# I(Q)
#Q (1/A)        I (1/cm)        dI (1/cm)       dQ (1/A)
1.883140E-02	2.873326E+01	2.537135E+00	3.211392E-03
1.954651E-02	3.291738E+01	1.018770E+00	3.224767E-03
2.028876E-02	3.160116E+01	5.898160E-01	3.275716E-03
2.105921E-02	3.041497E+01	5.122861E-01	3.346953E-03
2.185891E-02	2.932613E+01	3.967824E-01	3.362854E-03
2.268898E-02	2.828593E+01	3.116153E-01	3.404939E-03
2.355057E-02	2.697362E+01	2.765731E-01	3.449553E-03
2.444488E-02	2.584696E+01	2.311032E-01	3.494219E-03
2.537315E-02	2.495418E+01	1.914580E-01	3.517816E-03
2.633667E-02	2.323529E+01	1.684022E-01	3.561597E-03
2.733677E-02	2.206718E+01	1.414529E-01	3.573515E-03
2.837486E-02	2.111637E+01	1.256168E-01	3.622493E-03
2.945236E-02	2.001921E+01	1.144877E-01	3.645426E-03
3.057079E-02	1.862931E+01	9.833441E-02	3.685615E-03
3.173168E-02	1.733295E+01	8.752726E-02	3.726511E-03
3.293666E-02	1.614281E+01	7.759753E-02	3.768306E-03
3.418739E-02	1.509519E+01	7.011082E-02	3.799817E-03
3.548562E-02	1.405009E+01	6.286758E-02	3.812081E-03
3.683315E-02	1.294165E+01	5.558651E-02	3.868569E-03
3.823185E-02	1.195408E+01	4.964010E-02	3.901256E-03
3.968367E-02	1.090420E+01	4.521747E-02	3.941889E-03
4.119061E-02	1.010929E+01	4.071581E-02	3.972484E-03
4.275478E-02	9.177016E+00	3.693790E-02	4.006283E-03
4.437835E-02	8.495433E+00	3.330701E-02	4.052910E-03
4.606357E-02	7.689379E+00	3.070948E-02	4.063612E-03
4.781279E-02	7.011588E+00	2.745213E-02	4.097934E-03
4.962843E-02	6.425802E+00	2.542956E-02	4.119906E-03
5.151302E-02	5.775949E+00	2.284452E-02	4.127329E-03
5.346917E-02	5.214460E+00	2.088537E-02	4.153260E-03
5.549961E-02	4.709925E+00	1.890914E-02	4.185621E-03
5.760715E-02	4.238433E+00	1.720417E-02	4.187857E-03
5.979472E-02	3.805283E+00	1.567027E-02	4.206074E-03
6.206536E-02	3.440859E+00	1.451096E-02	4.210949E-03
6.442223E-02	3.087001E+00	1.297960E-02	4.223473E-03
6.686859E-02	2.755422E+00	1.182015E-02	4.236976E-03
6.940786E-02	2.473376E+00	1.084427E-02	4.241757E-03
7.204355E-02	2.244768E+00	9.970632E-03	4.250648E-03
7.477933E-02	2.017218E+00	9.064578E-03	4.264485E-03
7.761900E-02	1.825750E+00	8.413047E-03	4.267962E-03
8.056650E-02	1.642308E+00	7.632183E-03	4.282882E-03
8.362592E-02	1.495299E+00	7.047843E-03	4.285587E-03
8.680153E-02	1.381458E+00	6.516488E-03	4.296493E-03
9.009773E-02	1.276732E+00	6.121087E-03	4.288054E-03
9.351910E-02	1.173466E+00	5.568576E-03	4.307277E-03
9.707039E-02	1.116814E+00	5.266582E-03	4.330406E-03
1.007565E-01	1.048309E+00	4.958786E-03	4.338106E-03
1.045827E-01	9.985469E-01	4.663106E-03	4.346918E-03
1.085541E-01	9.498824E-01	4.378738E-03	4.364285E-03
1.126763E-01	9.107874E-01	4.154583E-03	4.364574E-03
1.169551E-01	8.896848E-01	3.986068E-03	4.372310E-03
1.213963E-01	8.608566E-01	3.784092E-03	4.391236E-03
1.260062E-01	8.404454E-01	3.599141E-03	4.407949E-03
1.307912E-01	8.271432E-01	3.455055E-03	4.416916E-03
1.357578E-01	8.002629E-01	3.283717E-03	4.433801E-03
1.409131E-01	7.864059E-01	3.136165E-03	4.452102E-03
1.462641E-01	7.699776E-01	2.997391E-03	4.475122E-03
1.518183E-01	7.629383E-01	2.876729E-03	4.491932E-03
1.575835E-01	7.429747E-01	2.743004E-03	4.504195E-03
1.635675E-01	7.278152E-01	2.613943E-03	4.527263E-03
1.697789E-01	7.196355E-01	2.512219E-03	4.550453E-03
1.762260E-01	7.098009E-01	2.406001E-03	4.579261E-03
1.829180E-01	6.989956E-01	2.304409E-03	4.603951E-03
1.898642E-01	6.934423E-01	2.211850E-03	4.632370E-03
1.970740E-01	6.748349E-01	2.102570E-03	4.666178E-03
2.045577E-01	6.712880E-01	2.025272E-03	4.694580E-03
2.123256E-01	6.638296E-01	1.945274E-03	4.733045E-03
2.203884E-01	6.534370E-01	1.859760E-03	4.784547E-03
2.287575E-01	6.487210E-01	1.796125E-03	4.841007E-03
2.374443E-01	6.419752E-01	1.724710E-03	4.932693E-03
2.464610E-01	6.356615E-01	1.667114E-03	5.029597E-03
2.558201E-01	6.265558E-01	1.613419E-03	5.138285E-03
2.655346E-01	6.178828E-01	1.561760E-03	5.265143E-03
2.756180E-01	6.104094E-01	1.522978E-03	5.416356E-03
2.860843E-01	6.058905E-01	1.490242E-03	5.581676E-03
2.969480E-01	5.964524E-01	1.455818E-03	5.778946E-03
3.082243E-01	5.841127E-01	1.423672E-03	5.990497E-03
3.199288E-01	5.677481E-01	1.384011E-03	6.234604E-03
3.320778E-01	5.570363E-01	1.352175E-03	6.505554E-03
3.446881E-01	5.425837E-01	1.319568E-03	6.797751E-03
3.577773E-01	5.263351E-01	1.292303E-03	7.099312E-03
3.713635E-01	5.134352E-01	1.271790E-03	7.419085E-03
3.854656E-01	4.997350E-01	1.260457E-03	7.748181E-03
4.001033E-01	4.847274E-01	1.250826E-03	8.095207E-03
4.152968E-01	4.697745E-01	1.248688E-03	8.455517E-03
4.310672E-01	4.583306E-01	1.259592E-03	8.825954E-03
4.474366E-01	4.480846E-01	1.276397E-03	9.213936E-03
4.644275E-01	4.385845E-01	1.311236E-03	9.603567E-03
4.820636E-01	4.308624E-01	1.364903E-03	1.000534E-02
5.003695E-01	4.243019E-01	1.444446E-03	1.040074E-02
5.193705E-01	4.152110E-01	1.551205E-03	1.080114E-02
5.390931E-01	4.099178E-01	1.681807E-03	1.123508E-02
5.595646E-01	4.066941E-01	1.856094E-03	1.169594E-02
5.808134E-01	4.007809E-01	2.090941E-03	1.215984E-02
6.028692E-01	3.986884E-01	2.455469E-03	1.262190E-02
6.257626E-01	3.951264E-01	2.935513E-03	1.312713E-02
6.495252E-01	3.925237E-01	3.664029E-03	1.364712E-02
6.741903E-01	3.904293E-01	4.863645E-03	1.418013E-02
6.997920E-01	3.775356E-01	7.098951E-03	1.472722E-02
7.263658E-01	3.669614E-01	1.212183E-02	1.528995E-02
7.539488E-01	3.979607E-01	3.735775E-02	1.572127E-02
