# I(Q)
#Q (1/A)        I (1/cm)        dI (1/cm)       dQ (1/A)
1.883140E-02	2.880303E+01	2.075060E+00	3.211392E-03
1.954651E-02	3.250344E+01	8.226676E-01	3.224767E-03
2.028876E-02	3.176567E+01	4.830039E-01	3.275717E-03
2.105921E-02	3.010540E+01	4.154652E-01	3.346953E-03
2.185891E-02	2.949752E+01	3.246220E-01	3.362855E-03
2.268898E-02	2.821209E+01	2.548091E-01	3.404939E-03
2.355057E-02	2.678725E+01	2.249936E-01	3.449553E-03
2.444488E-02	2.573575E+01	1.882289E-01	3.494219E-03
2.537315E-02	2.488492E+01	1.561810E-01	3.517816E-03
2.633667E-02	2.346661E+01	1.382077E-01	3.561597E-03
2.733677E-02	2.215878E+01	1.157828E-01	3.573516E-03
2.837486E-02	2.111814E+01	1.025321E-01	3.622493E-03
2.945236E-02	1.991545E+01	9.330900E-02	3.645426E-03
3.057079E-02	1.863779E+01	8.033864E-02	3.685615E-03
3.173168E-02	1.731808E+01	7.149408E-02	3.726511E-03
3.293666E-02	1.614594E+01	6.342003E-02	3.768306E-03
3.418739E-02	1.511581E+01	5.727823E-02	3.799817E-03
3.548562E-02	1.401873E+01	5.123858E-02	3.812082E-03
3.683315E-02	1.296121E+01	4.545601E-02	3.868569E-03
3.823185E-02	1.195378E+01	4.052630E-02	3.901256E-03
3.968367E-02	1.091527E+01	3.694824E-02	3.941889E-03
4.119062E-02	1.008062E+01	3.319439E-02	3.972485E-03
4.275479E-02	9.204944E+00	3.017410E-02	4.006284E-03
4.437835E-02	8.479266E+00	2.716505E-02	4.052910E-03
4.606358E-02	7.694022E+00	2.506111E-02	4.063612E-03
4.781279E-02	6.992646E+00	2.237472E-02	4.097934E-03
4.962843E-02	6.407381E+00	2.071955E-02	4.119906E-03
5.151302E-02	5.777657E+00	1.866926E-02	4.127329E-03
5.346917E-02	5.223901E+00	1.707790E-02	4.153260E-03
5.549961E-02	4.715747E+00	1.545562E-02	4.185621E-03
5.760715E-02	4.255526E+00	1.408188E-02	4.187858E-03
5.979472E-02	3.815695E+00	1.280425E-02	4.206074E-03
6.206536E-02	3.445589E+00	1.185687E-02	4.210949E-03
6.442223E-02	3.092426E+00	1.061169E-02	4.223474E-03
6.686860E-02	2.766150E+00	9.680738E-03	4.236976E-03
6.940786E-02	2.480542E+00	8.868437E-03	4.241757E-03
7.204355E-02	2.243746E+00	8.131048E-03	4.250648E-03
7.477933E-02	2.017477E+00	7.392681E-03	4.264485E-03
7.761900E-02	1.821599E+00	6.853668E-03	4.267962E-03
8.056650E-02	1.645435E+00	6.232925E-03	4.282882E-03
8.362593E-02	1.496189E+00	5.756810E-03	4.285587E-03
8.680154E-02	1.380547E+00	5.309768E-03	4.296493E-03
9.009773E-02	1.275049E+00	4.976100E-03	4.288054E-03
9.351910E-02	1.178008E+00	4.538496E-03	4.307278E-03
9.707039E-02	1.114282E+00	4.275870E-03	4.330407E-03
1.007565E-01	1.049846E+00	4.026864E-03	4.338106E-03
1.045827E-01	9.954692E-01	3.780244E-03	4.346919E-03
1.085541E-01	9.473952E-01	3.544233E-03	4.364285E-03
1.126763E-01	9.084667E-01	3.356577E-03	4.364574E-03
1.169551E-01	8.867881E-01	3.215261E-03	4.372311E-03
1.213963E-01	8.600888E-01	3.060004E-03	4.391237E-03
1.260062E-01	8.398125E-01	2.908827E-03	4.407949E-03
1.307912E-01	8.254392E-01	2.792353E-03	4.416917E-03
1.357578E-01	8.034388E-01	2.655510E-03	4.433801E-03
1.409131E-01	7.885149E-01	2.530969E-03	4.452102E-03
1.462641E-01	7.697269E-01	2.416067E-03	4.475122E-03
1.518183E-01	7.582582E-01	2.308712E-03	4.491932E-03
1.575835E-01	7.437703E-01	2.207393E-03	4.504195E-03
1.635676E-01	7.306957E-01	2.107155E-03	4.527263E-03
1.697789E-01	7.196902E-01	2.018727E-03	4.550453E-03
1.762260E-01	7.084807E-01	1.930210E-03	4.579261E-03
1.829180E-01	6.987946E-01	1.850539E-03	4.603952E-03
1.898642E-01	6.923455E-01	1.772745E-03	4.632370E-03
1.970741E-01	6.773719E-01	1.686645E-03	4.666178E-03
2.045577E-01	6.714608E-01	1.620931E-03	4.694581E-03
2.123256E-01	6.647809E-01	1.557476E-03	4.733045E-03
2.203884E-01	6.546254E-01	1.487853E-03	4.784548E-03
2.287575E-01	6.492525E-01	1.436067E-03	4.841008E-03
2.374443E-01	6.422921E-01	1.379550E-03	4.932693E-03
2.464610E-01	6.357796E-01	1.335888E-03	5.029598E-03
2.558201E-01	6.254612E-01	1.291299E-03	5.138285E-03
2.655346E-01	6.201637E-01	1.256269E-03	5.265144E-03
2.756180E-01	6.119390E-01	1.224384E-03	5.416357E-03
2.860843E-01	6.051325E-01	1.197486E-03	5.581676E-03
2.969481E-01	5.946573E-01	1.170015E-03	5.778947E-03
3.082243E-01	5.822955E-01	1.146279E-03	5.990498E-03
3.199288E-01	5.680468E-01	1.118972E-03	6.234609E-03
3.320778E-01	5.571204E-01	1.095923E-03	6.505556E-03
3.446881E-01	5.408050E-01	1.069923E-03	6.797752E-03
3.577773E-01	5.279656E-01	1.052857E-03	7.099313E-03
3.713635E-01	5.142244E-01	1.036404E-03	7.419085E-03
3.854656E-01	4.990741E-01	1.025836E-03	7.748182E-03
4.001033E-01	4.848276E-01	1.019687E-03	8.095208E-03
4.152968E-01	4.705366E-01	1.018200E-03	8.455518E-03
4.310673E-01	4.593600E-01	1.027473E-03	8.825909E-03
4.474366E-01	4.485751E-01	1.040689E-03	9.214006E-03
4.644275E-01	4.379257E-01	1.068373E-03	9.603568E-03
4.820637E-01	4.304222E-01	1.112716E-03	1.000535E-02
5.003696E-01	4.236488E-01	1.177181E-03	1.040074E-02
5.193706E-01	4.165417E-01	1.267165E-03	1.080114E-02
5.390931E-01	4.113500E-01	1.374033E-03	1.123508E-02
5.595646E-01	4.054820E-01	1.512521E-03	1.169595E-02
5.808135E-01	4.001392E-01	1.705592E-03	1.215984E-02
6.028693E-01	3.966913E-01	2.000169E-03	1.262190E-02
6.257626E-01	3.956635E-01	2.395341E-03	1.312713E-02
6.495253E-01	3.910674E-01	2.983414E-03	1.364712E-02
6.741903E-01	3.863389E-01	3.944884E-03	1.418013E-02
6.997920E-01	3.814144E-01	5.817975E-03	1.472722E-02
7.263659E-01	3.768608E-01	1.003752E-02	1.528995E-02
7.539489E-01	3.726270E-01	2.941757E-02	1.572127E-02
