# I(Q)
#Q (1/A)        I (1/cm)        dI (1/cm)       dQ (1/A)
4.285984E-03	5.377673E+01	2.793204E+01	9.073135E-04
4.425216E-03	6.506571E+01	1.644181E+01	9.205433E-04
4.568970E-03	4.243414E+01	9.881679E+00	9.357565E-04
4.717395E-03	6.267614E+01	9.373668E+00	9.540379E-04
4.870641E-03	4.149884E+01	7.637944E+00	9.642481E-04
5.028865E-03	5.466789E+01	7.308773E+00	9.656075E-04
5.192230E-03	5.434425E+01	5.963886E+00	9.808896E-04
5.360901E-03	5.051016E+01	5.408030E+00	9.905083E-04
5.535052E-03	4.318016E+01	4.702575E+00	9.882435E-04
5.714860E-03	5.075210E+01	4.411710E+00	9.844859E-04
5.900509E-03	4.477772E+01	3.879838E+00	9.915477E-04
6.092189E-03	5.267710E+01	3.765297E+00	9.965949E-04
6.290096E-03	4.871509E+01	3.720387E+00	9.877011E-04
6.494432E-03	4.520730E+01	3.427392E+00	9.863278E-04
6.705405E-03	5.028977E+01	3.111537E+00	9.846950E-04
6.923233E-03	4.492862E+01	2.692068E+00	9.853794E-04
7.148136E-03	4.898575E+01	2.612278E+00	9.870204E-04
7.380346E-03	4.628365E+01	2.420547E+00	9.876579E-04
7.620099E-03	4.110394E+01	2.166808E+00	9.932104E-04
7.867640E-03	4.391784E+01	2.077105E+00	9.948920E-04
8.123223E-03	4.468937E+01	1.908604E+00	9.956512E-04
8.387109E-03	4.381286E+01	1.831035E+00	1.000315E-03
8.659567E-03	4.399735E+01	1.782512E+00	9.973320E-04
8.940876E-03	4.222445E+01	1.674928E+00	1.000754E-03
9.231323E-03	4.189600E+01	1.594731E+00	1.000306E-03
9.531206E-03	4.432635E+01	1.559175E+00	1.001055E-03
9.840830E-03	4.040165E+01	1.506811E+00	1.000967E-03
1.016051E-02	3.928472E+01	1.472057E+00	1.000590E-03
1.049058E-02	4.142604E+01	1.407086E+00	1.001097E-03
1.083137E-02	4.021155E+01	1.362617E+00	1.000936E-03
1.118323E-02	3.882289E+01	1.339230E+00	1.000485E-03
1.154652E-02	3.811067E+01	1.277869E+00	1.001096E-03
1.192161E-02	3.723341E+01	1.231268E+00	1.000942E-03
1.230889E-02	3.755305E+01	1.202231E+00	1.000766E-03
1.270875E-02	3.671243E+01	1.155842E+00	1.000919E-03
1.312160E-02	3.672453E+01	1.112809E+00	1.000966E-03
1.354786E-02	3.589312E+01	1.083417E+00	1.000575E-03
1.398797E-02	3.576436E+01	1.044215E+00	1.000583E-03
1.444237E-02	3.469992E+01	1.006822E+00	1.001273E-03
1.491153E-02	3.322018E+01	9.845012E-01	1.000809E-03
1.539594E-02	3.394187E+01	9.392899E-01	1.000901E-03
1.589608E-02	3.299790E+01	9.147380E-01	1.001142E-03
1.641247E-02	3.361554E+01	8.872021E-01	1.001025E-03
1.694564E-02	3.223415E+01	8.607532E-01	1.000701E-03
1.749612E-02	3.072741E+01	8.356785E-01	1.001213E-03
1.806449E-02	2.991408E+01	8.050050E-01	1.002349E-03
1.865132E-02	2.932938E+01	7.901829E-01	1.002268E-03
1.925721E-02	2.945421E+01	7.609387E-01	1.001893E-03
1.988279E-02	2.815120E+01	7.394065E-01	1.001463E-03
2.052869E-02	2.806335E+01	7.160794E-01	1.001166E-03
2.119557E-02	2.684826E+01	6.941615E-01	1.000498E-03
2.188412E-02	2.546878E+01	6.688352E-01	1.000637E-03
2.259503E-02	2.462445E+01	6.406329E-01	1.002114E-03
2.332904E-02	2.387913E+01	6.219652E-01	1.002913E-03
2.408689E-02	2.338413E+01	6.002962E-01	1.002397E-03
2.486936E-02	2.178584E+01	5.810039E-01	1.002102E-03
2.567725E-02	2.079199E+01	5.680013E-01	1.001348E-03
2.651138E-02	2.038930E+01	5.527324E-01	1.000537E-03
2.737261E-02	1.929413E+01	5.372652E-01	1.000086E-03
2.826182E-02	1.823284E+01	5.190651E-01	1.000775E-03
2.917992E-02	1.751102E+01	5.009523E-01	1.001256E-03
3.012784E-02	1.671996E+01	4.843400E-01	1.001451E-03
3.110655E-02	1.599950E+01	4.686297E-01	1.001163E-03
3.211706E-02	1.533230E+01	4.510854E-01	1.001589E-03
3.316039E-02	1.406897E+01	4.381399E-01	1.001462E-03
3.423762E-02	1.343262E+01	4.223954E-01	1.001622E-03
3.534984E-02	1.260097E+01	4.074447E-01	1.001990E-03
3.649819E-02	1.202305E+01	3.943262E-01	1.001805E-03
3.768384E-02	1.147954E+01	3.829477E-01	1.001479E-03
3.890802E-02	1.069012E+01	3.712734E-01	1.001028E-03
4.017196E-02	9.782674E+00	3.597843E-01	1.000762E-03
4.147695E-02	9.121427E+00	3.477158E-01	1.000873E-03
4.282435E-02	8.750560E+00	3.351437E-01	1.001204E-03
4.421551E-02	8.060426E+00	3.236030E-01	1.001768E-03
4.565187E-02	7.351002E+00	3.133038E-01	1.001851E-03
4.713488E-02	6.992968E+00	3.037480E-01	1.001980E-03
4.866607E-02	6.288198E+00	2.938650E-01	1.001817E-03
5.024701E-02	5.919466E+00	2.854111E-01	1.001759E-03
5.187930E-02	5.643278E+00	2.772120E-01	1.001788E-03
5.356462E-02	5.149008E+00	2.687344E-01	1.003514E-03
5.530468E-02	4.799929E+00	2.599331E-01	1.007436E-03
5.710127E-02	4.521572E+00	2.547640E-01	1.011881E-03
5.895622E-02	4.060083E+00	2.520151E-01	1.016063E-03
6.087144E-02	3.778253E+00	2.524951E-01	1.019516E-03
6.284887E-02	3.579118E+00	2.543564E-01	1.022417E-03
6.489053E-02	3.273855E+00	2.600234E-01	1.025434E-03
6.699852E-02	2.907092E+00	2.701620E-01	1.027885E-03
6.917499E-02	2.634060E+00	2.810111E-01	1.031372E-03
7.142217E-02	2.468504E+00	2.922992E-01	1.036650E-03
7.374234E-02	2.322475E+00	3.066085E-01	1.043230E-03
7.613788E-02	2.079947E+00	3.256740E-01	1.050639E-03
7.861125E-02	1.793901E+00	3.539634E-01	1.058125E-03
8.116496E-02	1.600484E+00	3.853507E-01	1.068482E-03
8.380163E-02	1.499798E+00	4.256630E-01	1.080802E-03
8.652396E-02	1.173249E+00	4.873637E-01	1.093138E-03
8.933472E-02	1.213032E+00	5.865916E-01	1.104570E-03
9.223678E-02	1.125331E+00	7.556964E-01	1.116190E-03
9.523313E-02	1.154358E+00	1.066473E+00	1.128378E-03
9.832681E-02	9.677320E-01	1.843782E+00	1.141528E-03
1.015210E-01	2.326466E+00	6.537640E+00	1.151986E-03
