# I(Q)
#Q (1/A)        I (1/cm)        dI (1/cm)       dQ (1/A)
4.285984E-03	3.533404E+01	6.701925E+00	9.073135E-04
4.425216E-03	3.954606E+01	4.106972E+00	9.205433E-04
4.568971E-03	3.845312E+01	2.869662E+00	9.357565E-04
4.717395E-03	3.987476E+01	2.532468E+00	9.540379E-04
4.870641E-03	4.013166E+01	2.146776E+00	9.642481E-04
5.028866E-03	3.791514E+01	1.805412E+00	9.656075E-04
5.192230E-03	3.672380E+01	1.524246E+00	9.808896E-04
5.360901E-03	3.751230E+01	1.434047E+00	9.905083E-04
5.535052E-03	3.976646E+01	1.348914E+00	9.882435E-04
5.714860E-03	3.918842E+01	1.225650E+00	9.844859E-04
5.900509E-03	3.840929E+01	1.107332E+00	9.915477E-04
6.092189E-03	3.780656E+01	1.019424E+00	9.965949E-04
6.290096E-03	3.693971E+01	9.806643E-01	9.877012E-04
6.494432E-03	3.892468E+01	9.152791E-01	9.863278E-04
6.705406E-03	3.897137E+01	8.437445E-01	9.846950E-04
6.923233E-03	3.826552E+01	7.437554E-01	9.853794E-04
7.148137E-03	3.814330E+01	7.135245E-01	9.870204E-04
7.380346E-03	3.792899E+01	6.593052E-01	9.876579E-04
7.620099E-03	3.734717E+01	5.997859E-01	9.932104E-04
7.867641E-03	3.668693E+01	5.623187E-01	9.948920E-04
8.123224E-03	3.643741E+01	5.227491E-01	9.956513E-04
8.387109E-03	3.641711E+01	5.037728E-01	1.000315E-03
8.659567E-03	3.647877E+01	4.856414E-01	9.973320E-04
8.940876E-03	3.605058E+01	4.611321E-01	1.000754E-03
9.231324E-03	3.578125E+01	4.395088E-01	1.000306E-03
9.531206E-03	3.580958E+01	4.269814E-01	1.001055E-03
9.840831E-03	3.574139E+01	4.129743E-01	1.000967E-03
1.016051E-02	3.611083E+01	4.048556E-01	1.000590E-03
1.049058E-02	3.541128E+01	3.864189E-01	1.001097E-03
1.083137E-02	3.530724E+01	3.719860E-01	1.000936E-03
1.118323E-02	3.541746E+01	3.643305E-01	1.000485E-03
1.154652E-02	3.501654E+01	3.487039E-01	1.001096E-03
1.192162E-02	3.457306E+01	3.365449E-01	1.000942E-03
1.230889E-02	3.474901E+01	3.272648E-01	1.000766E-03
1.270875E-02	3.411767E+01	3.145767E-01	1.000919E-03
1.312160E-02	3.438514E+01	3.054378E-01	1.000966E-03
1.354786E-02	3.386028E+01	2.949721E-01	1.000575E-03
1.398797E-02	3.326386E+01	2.808435E-01	1.000583E-03
1.444237E-02	3.383262E+01	2.754519E-01	1.001273E-03
1.491153E-02	3.284446E+01	2.641504E-01	1.000809E-03
1.539594E-02	3.210528E+01	2.510391E-01	1.000901E-03
1.589608E-02	3.223193E+01	2.447038E-01	1.001143E-03
1.641247E-02	3.168485E+01	2.356589E-01	1.001025E-03
1.694564E-02	3.153529E+01	2.284583E-01	1.000701E-03
1.749612E-02	3.056715E+01	2.177926E-01	1.001213E-03
1.806449E-02	3.003438E+01	2.094512E-01	1.002349E-03
1.865132E-02	3.002438E+01	2.059536E-01	1.002268E-03
1.925721E-02	2.949816E+01	1.975029E-01	1.001893E-03
1.988279E-02	2.860941E+01	1.889619E-01	1.001463E-03
2.052869E-02	2.834381E+01	1.830111E-01	1.001166E-03
2.119557E-02	2.722775E+01	1.742969E-01	1.000498E-03
2.188412E-02	2.632645E+01	1.663782E-01	1.000637E-03
2.259503E-02	2.587978E+01	1.591156E-01	1.002114E-03
2.332904E-02	2.516215E+01	1.530515E-01	1.002913E-03
2.408689E-02	2.422789E+01	1.459668E-01	1.002397E-03
2.486936E-02	2.347341E+01	1.400704E-01	1.002102E-03
2.567725E-02	2.249777E+01	1.337825E-01	1.001348E-03
2.651138E-02	2.199682E+01	1.290638E-01	1.000537E-03
2.737261E-02	2.096695E+01	1.232316E-01	1.000086E-03
2.826182E-02	2.011212E+01	1.175600E-01	1.000775E-03
2.917992E-02	1.911409E+01	1.115473E-01	1.001256E-03
3.012784E-02	1.807207E+01	1.055421E-01	1.001451E-03
3.110655E-02	1.730397E+01	1.007778E-01	1.001163E-03
3.211706E-02	1.641675E+01	9.601443E-02	1.001589E-03
3.316039E-02	1.537293E+01	9.084785E-02	1.001462E-03
3.423762E-02	1.465687E+01	8.670670E-02	1.001622E-03
3.534984E-02	1.370825E+01	8.230296E-02	1.001990E-03
3.649819E-02	1.282026E+01	7.822463E-02	1.001805E-03
3.768384E-02	1.187792E+01	7.426290E-02	1.001479E-03
3.890802E-02	1.101154E+01	7.080484E-02	1.001028E-03
4.017196E-02	1.029242E+01	6.752517E-02	1.000762E-03
4.147696E-02	9.551089E+00	6.428278E-02	1.000873E-03
4.282435E-02	8.807915E+00	6.115504E-02	1.001204E-03
4.421551E-02	8.255554E+00	5.841308E-02	1.001768E-03
4.565187E-02	7.579209E+00	5.577949E-02	1.001851E-03
4.713488E-02	7.014213E+00	5.344699E-02	1.001980E-03
4.866608E-02	6.431094E+00	5.115323E-02	1.001817E-03
5.024701E-02	5.948148E+00	4.919441E-02	1.001759E-03
5.187930E-02	5.507140E+00	4.738223E-02	1.001788E-03
5.356462E-02	4.975955E+00	4.552091E-02	1.003514E-03
5.530468E-02	4.593742E+00	4.385174E-02	1.007436E-03
5.710127E-02	4.181395E+00	4.273061E-02	1.011881E-03
5.895623E-02	3.807223E+00	4.205573E-02	1.016063E-03
6.087144E-02	3.468391E+00	4.193869E-02	1.019516E-03
6.284887E-02	3.207481E+00	4.212689E-02	1.022417E-03
6.489053E-02	2.905545E+00	4.294272E-02	1.025434E-03
6.699853E-02	2.655542E+00	4.446352E-02	1.027885E-03
6.917499E-02	2.453396E+00	4.611744E-02	1.031372E-03
7.142217E-02	2.211412E+00	4.781354E-02	1.036650E-03
7.374234E-02	2.032120E+00	5.009961E-02	1.043230E-03
7.613788E-02	1.857666E+00	5.312592E-02	1.050639E-03
7.861125E-02	1.688159E+00	5.770336E-02	1.058125E-03
8.116496E-02	1.502275E+00	6.268164E-02	1.068482E-03
8.380163E-02	1.357844E+00	6.922199E-02	1.080802E-03
8.652396E-02	1.238382E+00	7.907233E-02	1.093138E-03
8.933472E-02	1.157988E+00	9.527230E-02	1.104570E-03
9.223678E-02	1.106387E+00	1.225717E-01	1.116190E-03
9.523313E-02	1.130766E+00	1.730458E-01	1.128378E-03
9.832681E-02	9.859295E-01	3.001476E-01	1.141528E-03
1.015210E-01	1.129659E+00	1.033162E+00	1.151986E-03
