# I(Q)
#Q (1/A)        I (1/cm)        dI (1/cm)       dQ (1/A)
4.286251E-03	2.578172E+01	5.899896E+00	9.073379E-04
4.425489E-03	2.477440E+01	3.206976E+00	9.205511E-04
4.569249E-03	2.830098E+01	2.449565E+00	9.357598E-04
4.717680E-03	2.354283E+01	1.937534E+00	9.543558E-04
4.870932E-03	2.549456E+01	1.755778E+00	9.641453E-04
5.029163E-03	2.485536E+01	1.491210E+00	9.656101E-04
5.192534E-03	2.696980E+01	1.317951E+00	9.808928E-04
5.361212E-03	2.364822E+01	1.137318E+00	9.908713E-04
5.535369E-03	2.572765E+01	1.068707E+00	9.879292E-04
5.715183E-03	2.564901E+01	9.920399E-01	9.844889E-04
5.900839E-03	2.499530E+01	8.949151E-01	9.919253E-04
6.092526E-03	2.548482E+01	8.474729E-01	9.962848E-04
6.290440E-03	2.393846E+01	8.017632E-01	9.877040E-04
6.494783E-03	2.312996E+01	7.234237E-01	9.864498E-04
6.705764E-03	2.532894E+01	6.720044E-01	9.845080E-04
6.923599E-03	2.419796E+01	5.976480E-01	9.854609E-04
7.148510E-03	2.564277E+01	5.846561E-01	9.872255E-04
7.380727E-03	2.407926E+01	5.279170E-01	9.874225E-04
7.620487E-03	2.426016E+01	4.870038E-01	9.933376E-04
7.868036E-03	2.438902E+01	4.590113E-01	9.949344E-04
8.123627E-03	2.545713E+01	4.382590E-01	9.956480E-04
8.387521E-03	2.370375E+01	4.075604E-01	1.000292E-03
8.659987E-03	2.431324E+01	3.982453E-01	9.972982E-04
8.941303E-03	2.358583E+01	3.739170E-01	1.000656E-03
9.231759E-03	2.309520E+01	3.559623E-01	1.000491E-03
9.531650E-03	2.348983E+01	3.476443E-01	1.000877E-03
9.841282E-03	2.367058E+01	3.352287E-01	1.001059E-03
1.016097E-02	2.329037E+01	3.285650E-01	1.000651E-03
1.049105E-02	2.315439E+01	3.143990E-01	1.001064E-03
1.083185E-02	2.316687E+01	3.047932E-01	1.000848E-03
1.118372E-02	2.248082E+01	2.931639E-01	1.000585E-03
1.154702E-02	2.237028E+01	2.821670E-01	1.001184E-03
1.192212E-02	2.191797E+01	2.709350E-01	1.000851E-03
1.230940E-02	2.198610E+01	2.635662E-01	1.000769E-03
1.270927E-02	2.128767E+01	2.519212E-01	1.000920E-03
1.312213E-02	2.088168E+01	2.408712E-01	1.000919E-03
1.354840E-02	2.140801E+01	2.371640E-01	1.000673E-03
1.398851E-02	2.097746E+01	2.276210E-01	1.000485E-03
1.444292E-02	2.072153E+01	2.184223E-01	1.001376E-03
1.491210E-02	2.021638E+01	2.112651E-01	1.000684E-03
1.539651E-02	1.972798E+01	2.013002E-01	1.000975E-03
1.589666E-02	1.998910E+01	1.965678E-01	1.001144E-03
1.641306E-02	1.931354E+01	1.875710E-01	1.001024E-03
1.694623E-02	1.930977E+01	1.826656E-01	1.000732E-03
1.749673E-02	1.852386E+01	1.749098E-01	1.001182E-03
1.806510E-02	1.820291E+01	1.682713E-01	1.002382E-03
1.865194E-02	1.773906E+01	1.630196E-01	1.002301E-03
1.925784E-02	1.705343E+01	1.552075E-01	1.001879E-03
1.988343E-02	1.658142E+01	1.496532E-01	1.001446E-03
2.052934E-02	1.623415E+01	1.437731E-01	1.001133E-03
2.119623E-02	1.588029E+01	1.388891E-01	1.000480E-03
2.188478E-02	1.539563E+01	1.329231E-01	1.000658E-03
2.259570E-02	1.470970E+01	1.262512E-01	1.002134E-03
2.332971E-02	1.444301E+01	1.224472E-01	1.002911E-03
2.408757E-02	1.385675E+01	1.166848E-01	1.002383E-03
2.487005E-02	1.314061E+01	1.117709E-01	1.002108E-03
2.567794E-02	1.259379E+01	1.074485E-01	1.001363E-03
2.651208E-02	1.206095E+01	1.033144E-01	1.000527E-03
2.737332E-02	1.162779E+01	9.976134E-02	1.000085E-03
2.826253E-02	1.098670E+01	9.517434E-02	1.000761E-03
2.918063E-02	1.042409E+01	9.108822E-02	1.001279E-03
3.012856E-02	9.824712E+00	8.640911E-02	1.001442E-03
3.110727E-02	9.359899E+00	8.305086E-02	1.001168E-03
3.211778E-02	8.822858E+00	7.926549E-02	1.001591E-03
3.316112E-02	8.330877E+00	7.620227E-02	1.001464E-03
3.423835E-02	7.855793E+00	7.299558E-02	1.001578E-03
3.535057E-02	7.396665E+00	6.961824E-02	1.002011E-03
3.649892E-02	6.840231E+00	6.682219E-02	1.001841E-03
3.768458E-02	6.504616E+00	6.441956E-02	1.001453E-03
3.890875E-02	5.985192E+00	6.193858E-02	1.001044E-03
4.017269E-02	5.566656E+00	5.944802E-02	1.000755E-03
4.147769E-02	5.295183E+00	5.726907E-02	1.000859E-03
4.282508E-02	4.895045E+00	5.486457E-02	1.001196E-03
4.421623E-02	4.519864E+00	5.266455E-02	1.001772E-03
4.565258E-02	4.295439E+00	5.084782E-02	1.001851E-03
4.713559E-02	3.955080E+00	4.902718E-02	1.001995E-03
4.866678E-02	3.618497E+00	4.719629E-02	1.001795E-03
5.024770E-02	3.428455E+00	4.567027E-02	1.001755E-03
5.187999E-02	3.168286E+00	4.424391E-02	1.001779E-03
5.356529E-02	2.917311E+00	4.275781E-02	1.003503E-03
5.530534E-02	2.692697E+00	4.128574E-02	1.007455E-03
5.710192E-02	2.494293E+00	4.040572E-02	1.011865E-03
5.895686E-02	2.290549E+00	3.988951E-02	1.016055E-03
6.087205E-02	2.132356E+00	3.991139E-02	1.019515E-03
6.284946E-02	1.986713E+00	4.019279E-02	1.022416E-03
6.489111E-02	1.855556E+00	4.101364E-02	1.025430E-03
6.699907E-02	1.745366E+00	4.260602E-02	1.027864E-03
6.917552E-02	1.585215E+00	4.425791E-02	1.031369E-03
7.142266E-02	1.468257E+00	4.603290E-02	1.036651E-03
7.374280E-02	1.396840E+00	4.823538E-02	1.043231E-03
7.613832E-02	1.253502E+00	5.123138E-02	1.050629E-03
7.861164E-02	1.185517E+00	5.574089E-02	1.058130E-03
8.116532E-02	1.049210E+00	6.067891E-02	1.068482E-03
8.380195E-02	9.469341E-01	6.708188E-02	1.080806E-03
8.652423E-02	8.811701E-01	7.690848E-02	1.093138E-03
8.933494E-02	7.251720E-01	9.249677E-02	1.104570E-03
9.223696E-02	8.409268E-01	1.195372E-01	1.116190E-03
9.523325E-02	8.955933E-01	1.687925E-01	1.128378E-03
9.832687E-02	7.200930E-01	2.917905E-01	1.141528E-03
1.015210E-01	6.187402E-01	1.013563E+00	1.151986E-03
