# I(Q)
#Q (1/A)        I (1/cm)        dI (1/cm)       dQ (1/A)
4.286251E-03	2.780584E+01	7.640741E+00	9.073379E-04
4.425489E-03	2.773447E+01	4.204896E+00	9.205511E-04
4.569249E-03	3.209473E+01	3.246416E+00	9.357598E-04
4.717680E-03	2.322809E+01	2.509819E+00	9.543558E-04
4.870932E-03	2.519756E+01	2.240758E+00	9.641453E-04
5.029163E-03	2.555364E+01	1.981738E+00	9.656101E-04
5.192534E-03	2.672548E+01	1.686874E+00	9.808928E-04
5.361212E-03	2.401482E+01	1.502147E+00	9.908713E-04
5.535369E-03	2.491699E+01	1.349335E+00	9.879292E-04
5.715183E-03	2.488641E+01	1.258457E+00	9.844889E-04
5.900839E-03	2.416820E+01	1.128334E+00	9.919253E-04
6.092526E-03	2.495511E+01	1.076956E+00	9.962848E-04
6.290440E-03	2.318726E+01	1.028183E+00	9.877040E-04
6.494783E-03	2.254783E+01	9.355575E-01	9.864498E-04
6.705764E-03	2.525153E+01	8.681227E-01	9.845080E-04
6.923599E-03	2.365824E+01	7.648843E-01	9.854609E-04
7.148510E-03	2.592740E+01	7.522993E-01	9.872255E-04
7.380727E-03	2.416281E+01	6.801253E-01	9.874225E-04
7.620487E-03	2.401228E+01	6.249765E-01	9.933376E-04
7.868036E-03	2.438098E+01	5.921201E-01	9.949344E-04
8.123627E-03	2.556798E+01	5.624919E-01	9.956480E-04
8.387521E-03	2.412980E+01	5.257694E-01	1.000292E-03
8.659987E-03	2.402833E+01	5.091645E-01	9.972982E-04
8.941303E-03	2.363482E+01	4.818380E-01	1.000656E-03
9.231759E-03	2.353207E+01	4.593038E-01	1.000491E-03
9.531650E-03	2.330493E+01	4.444795E-01	1.000877E-03
9.841282E-03	2.365064E+01	4.305942E-01	1.001059E-03
1.016097E-02	2.373585E+01	4.270198E-01	1.000651E-03
1.049105E-02	2.314088E+01	4.036512E-01	1.001064E-03
1.083185E-02	2.316747E+01	3.935869E-01	1.000848E-03
1.118372E-02	2.231329E+01	3.785976E-01	1.000585E-03
1.154702E-02	2.219222E+01	3.643135E-01	1.001184E-03
1.192212E-02	2.207076E+01	3.510608E-01	1.000851E-03
1.230940E-02	2.188045E+01	3.404342E-01	1.000769E-03
1.270927E-02	2.149122E+01	3.273073E-01	1.000920E-03
1.312213E-02	2.078250E+01	3.123188E-01	1.000919E-03
1.354840E-02	2.156526E+01	3.086475E-01	1.000673E-03
1.398851E-02	2.109298E+01	2.957519E-01	1.000485E-03
1.444292E-02	2.096045E+01	2.843947E-01	1.001376E-03
1.491210E-02	2.024776E+01	2.757704E-01	1.000684E-03
1.539651E-02	1.995884E+01	2.633840E-01	1.000975E-03
1.589666E-02	2.001091E+01	2.569412E-01	1.001144E-03
1.641306E-02	1.944168E+01	2.465224E-01	1.001024E-03
1.694623E-02	1.943955E+01	2.400892E-01	1.000732E-03
1.749673E-02	1.840386E+01	2.297884E-01	1.001182E-03
1.806510E-02	1.812215E+01	2.218342E-01	1.002382E-03
1.865194E-02	1.764930E+01	2.152300E-01	1.002301E-03
1.925784E-02	1.705018E+01	2.059461E-01	1.001879E-03
1.988343E-02	1.651415E+01	1.988082E-01	1.001446E-03
2.052934E-02	1.627649E+01	1.918051E-01	1.001133E-03
2.119623E-02	1.594566E+01	1.860542E-01	1.000480E-03
2.188478E-02	1.544091E+01	1.779520E-01	1.000658E-03
2.259570E-02	1.471689E+01	1.698018E-01	1.002134E-03
2.332971E-02	1.445024E+01	1.646811E-01	1.002911E-03
2.408757E-02	1.380323E+01	1.572753E-01	1.002383E-03
2.487005E-02	1.312043E+01	1.515489E-01	1.002108E-03
2.567794E-02	1.268246E+01	1.470088E-01	1.001363E-03
2.651208E-02	1.212911E+01	1.418380E-01	1.000527E-03
2.737332E-02	1.160014E+01	1.371819E-01	1.000085E-03
2.826253E-02	1.095321E+01	1.316276E-01	1.000761E-03
2.918063E-02	1.039022E+01	1.263740E-01	1.001279E-03
3.012856E-02	9.898536E+00	1.209055E-01	1.001442E-03
3.110727E-02	9.235479E+00	1.163244E-01	1.001168E-03
3.211778E-02	8.890990E+00	1.119071E-01	1.001591E-03
3.316112E-02	8.320505E+00	1.078968E-01	1.001464E-03
3.423835E-02	7.905101E+00	1.037058E-01	1.001578E-03
3.535057E-02	7.422484E+00	9.947666E-02	1.002011E-03
3.649892E-02	6.805041E+00	9.573683E-02	1.001841E-03
3.768458E-02	6.487305E+00	9.273172E-02	1.001453E-03
3.890875E-02	6.011715E+00	8.953943E-02	1.001044E-03
4.017269E-02	5.540747E+00	8.632713E-02	1.000755E-03
4.147769E-02	5.268908E+00	8.328412E-02	1.000859E-03
4.282508E-02	4.882912E+00	8.009964E-02	1.001196E-03
4.421623E-02	4.529116E+00	7.715568E-02	1.001772E-03
4.565258E-02	4.310823E+00	7.464299E-02	1.001851E-03
4.713559E-02	3.995583E+00	7.219227E-02	1.001995E-03
4.866678E-02	3.640122E+00	6.966615E-02	1.001795E-03
5.024770E-02	3.436766E+00	6.751274E-02	1.001755E-03
5.187999E-02	3.160766E+00	6.550294E-02	1.001779E-03
5.356529E-02	2.925397E+00	6.340504E-02	1.003503E-03
5.530534E-02	2.695295E+00	6.130714E-02	1.007455E-03
5.710192E-02	2.504473E+00	6.006381E-02	1.011865E-03
5.895686E-02	2.289577E+00	5.935676E-02	1.016055E-03
6.087205E-02	2.119246E+00	5.943103E-02	1.019515E-03
6.284946E-02	1.992652E+00	5.988282E-02	1.022416E-03
6.489111E-02	1.848475E+00	6.117378E-02	1.025430E-03
6.699907E-02	1.758257E+00	6.353081E-02	1.027864E-03
6.917552E-02	1.561666E+00	6.603739E-02	1.031369E-03
7.142266E-02	1.463938E+00	6.872417E-02	1.036651E-03
7.374280E-02	1.391237E+00	7.205080E-02	1.043231E-03
7.613832E-02	1.255940E+00	7.655987E-02	1.050629E-03
7.861164E-02	1.211595E+00	8.325691E-02	1.058130E-03
8.116532E-02	1.039720E+00	9.067840E-02	1.068482E-03
8.380195E-02	9.322606E-01	1.002915E-01	1.080806E-03
8.652423E-02	8.879676E-01	1.149578E-01	1.093138E-03
8.933494E-02	7.260958E-01	1.384220E-01	1.104570E-03
9.223696E-02	8.225228E-01	1.786604E-01	1.116190E-03
9.523325E-02	8.586370E-01	2.525333E-01	1.128378E-03
9.832687E-02	6.054414E-01	4.354606E-01	1.141528E-03
1.015210E-01	6.371276E-01	1.520073E+00	1.151986E-03
