# I(Q)
#Q (1/A)        I (1/cm)        dI (1/cm)       dQ (1/A)
4.286251E-03	2.762408E+01	9.016701E+00	9.073379E-04
4.425489E-03	2.838425E+01	5.227190E+00	9.205511E-04
4.569249E-03	2.941180E+01	3.783157E+00	9.357598E-04
4.717680E-03	2.225969E+01	3.038918E+00	9.543558E-04
4.870932E-03	2.399115E+01	2.734525E+00	9.641453E-04
5.029163E-03	2.475552E+01	2.381755E+00	9.656101E-04
5.192534E-03	2.736252E+01	2.072302E+00	9.808928E-04
5.361212E-03	2.365586E+01	1.824078E+00	9.908714E-04
5.535369E-03	2.513910E+01	1.669881E+00	9.879292E-04
5.715183E-03	2.347414E+01	1.510640E+00	9.844889E-04
5.900839E-03	2.528917E+01	1.406725E+00	9.919253E-04
6.092526E-03	2.454385E+01	1.301826E+00	9.962848E-04
6.290440E-03	2.289457E+01	1.270726E+00	9.877040E-04
6.494783E-03	2.291257E+01	1.160977E+00	9.864498E-04
6.705764E-03	2.539200E+01	1.071081E+00	9.845080E-04
6.923599E-03	2.293979E+01	9.243910E-01	9.854609E-04
7.148510E-03	2.583481E+01	9.115605E-01	9.872255E-04
7.380727E-03	2.412025E+01	8.393228E-01	9.874225E-04
7.620487E-03	2.442048E+01	7.672273E-01	9.933376E-04
7.868036E-03	2.418496E+01	7.239824E-01	9.949344E-04
8.123627E-03	2.588526E+01	6.850331E-01	9.956480E-04
8.387521E-03	2.381371E+01	6.380342E-01	1.000292E-03
8.659987E-03	2.365244E+01	6.231630E-01	9.972982E-04
8.941303E-03	2.341005E+01	5.875386E-01	1.000656E-03
9.231759E-03	2.416878E+01	5.638393E-01	1.000491E-03
9.531650E-03	2.295433E+01	5.394808E-01	1.000877E-03
9.841282E-03	2.387399E+01	5.309395E-01	1.001059E-03
1.016097E-02	2.374119E+01	5.211644E-01	1.000651E-03
1.049105E-02	2.294915E+01	4.930432E-01	1.001064E-03
1.083185E-02	2.311403E+01	4.783068E-01	1.000848E-03
1.118372E-02	2.215505E+01	4.635094E-01	1.000585E-03
1.154702E-02	2.210913E+01	4.465782E-01	1.001184E-03
1.192212E-02	2.174218E+01	4.293082E-01	1.000851E-03
1.230940E-02	2.185290E+01	4.192391E-01	1.000769E-03
1.270927E-02	2.121878E+01	4.010004E-01	1.000920E-03
1.312213E-02	2.049557E+01	3.848228E-01	1.000919E-03
1.354840E-02	2.167724E+01	3.795317E-01	1.000673E-03
1.398851E-02	2.115311E+01	3.634680E-01	1.000485E-03
1.444292E-02	2.081602E+01	3.510085E-01	1.001376E-03
1.491210E-02	2.037335E+01	3.417880E-01	1.000684E-03
1.539651E-02	1.995813E+01	3.251917E-01	1.000975E-03
1.589666E-02	1.996293E+01	3.184083E-01	1.001144E-03
1.641306E-02	1.940851E+01	3.050535E-01	1.001024E-03
1.694623E-02	1.952446E+01	2.980343E-01	1.000732E-03
1.749673E-02	1.852400E+01	2.859331E-01	1.001182E-03
1.806510E-02	1.827260E+01	2.760043E-01	1.002382E-03
1.865194E-02	1.770843E+01	2.687897E-01	1.002301E-03
1.925784E-02	1.705608E+01	2.578439E-01	1.001879E-03
1.988343E-02	1.648539E+01	2.497932E-01	1.001446E-03
2.052934E-02	1.628445E+01	2.407022E-01	1.001133E-03
2.119623E-02	1.605568E+01	2.344413E-01	1.000480E-03
2.188478E-02	1.547491E+01	2.245419E-01	1.000658E-03
2.259570E-02	1.467058E+01	2.144319E-01	1.002134E-03
2.332971E-02	1.441573E+01	2.078003E-01	1.002911E-03
2.408757E-02	1.394722E+01	1.997101E-01	1.002383E-03
2.487005E-02	1.307742E+01	1.928302E-01	1.002108E-03
2.567794E-02	1.254268E+01	1.870371E-01	1.001363E-03
2.651208E-02	1.206872E+01	1.808546E-01	1.000527E-03
2.737332E-02	1.167408E+01	1.762799E-01	1.000085E-03
2.826253E-02	1.103064E+01	1.694731E-01	1.000761E-03
2.918063E-02	1.037681E+01	1.627711E-01	1.001279E-03
3.012856E-02	9.832267E+00	1.562264E-01	1.001442E-03
3.110727E-02	9.204561E+00	1.507816E-01	1.001168E-03
3.211778E-02	8.859787E+00	1.451005E-01	1.001591E-03
3.316112E-02	8.359735E+00	1.404758E-01	1.001464E-03
3.423835E-02	7.907276E+00	1.352114E-01	1.001578E-03
3.535057E-02	7.371915E+00	1.299692E-01	1.002011E-03
3.649892E-02	6.799360E+00	1.253895E-01	1.001841E-03
3.768458E-02	6.465084E+00	1.216086E-01	1.001453E-03
3.890875E-02	5.930100E+00	1.176390E-01	1.001044E-03
4.017269E-02	5.500023E+00	1.137089E-01	1.000755E-03
4.147769E-02	5.215695E+00	1.098475E-01	1.000859E-03
4.282508E-02	4.830864E+00	1.057313E-01	1.001196E-03
4.421623E-02	4.488551E+00	1.019345E-01	1.001772E-03
4.565258E-02	4.316265E+00	9.865638E-02	1.001851E-03
4.713559E-02	3.993207E+00	9.559939E-02	1.001995E-03
4.866678E-02	3.646012E+00	9.235915E-02	1.001795E-03
5.024770E-02	3.413532E+00	8.959958E-02	1.001755E-03
5.187999E-02	3.155673E+00	8.696409E-02	1.001779E-03
5.356529E-02	2.920694E+00	8.420042E-02	1.003503E-03
5.530534E-02	2.696102E+00	8.146750E-02	1.007455E-03
5.710192E-02	2.504503E+00	7.983979E-02	1.011865E-03
5.895686E-02	2.299674E+00	7.892680E-02	1.016055E-03
6.087205E-02	2.105748E+00	7.906747E-02	1.019515E-03
6.284946E-02	1.963356E+00	7.964475E-02	1.022416E-03
6.489111E-02	1.845713E+00	8.141141E-02	1.025430E-03
6.699907E-02	1.757047E+00	8.458243E-02	1.027864E-03
6.917552E-02	1.561196E+00	8.793175E-02	1.031369E-03
7.142266E-02	1.450673E+00	9.153210E-02	1.036651E-03
7.374280E-02	1.382424E+00	9.596617E-02	1.043231E-03
7.613832E-02	1.239694E+00	1.020001E-01	1.050629E-03
7.861164E-02	1.201297E+00	1.108829E-01	1.058130E-03
8.116532E-02	1.033740E+00	1.208178E-01	1.068482E-03
8.380195E-02	9.524914E-01	1.336075E-01	1.080806E-03
8.652423E-02	8.532570E-01	1.531223E-01	1.093138E-03
8.933494E-02	7.582296E-01	1.844383E-01	1.104570E-03
9.223696E-02	8.469050E-01	2.380330E-01	1.116190E-03
9.523325E-02	9.716520E-01	3.366241E-01	1.128378E-03
9.832687E-02	5.940819E-01	5.808290E-01	1.141528E-03
1.015210E-01	8.517052E-01	2.027517E+00	1.151986E-03
