# I(Q)
#Q (1/A)        I (1/cm)        dI (1/cm)       dQ (1/A)
2.763152E-03	1.682625E+02	1.865524E+01	9.444638E-04
2.856131E-03	1.477393E+02	9.668535E+00	9.629808E-04
2.952239E-03	1.379677E+02	7.326283E+00	9.696501E-04
3.051581E-03	1.340975E+02	4.756049E+00	9.762152E-04
3.154266E-03	1.365984E+02	3.658073E+00	9.845653E-04
3.260406E-03	1.376244E+02	3.028413E+00	1.002996E-03
3.370117E-03	1.308766E+02	2.732376E+00	1.022943E-03
3.483521E-03	1.286366E+02	2.334811E+00	1.024472E-03
3.600740E-03	1.182712E+02	2.017650E+00	1.036353E-03
3.721904E-03	1.153569E+02	1.846936E+00	1.043430E-03
3.847145E-03	1.166688E+02	1.717645E+00	1.051753E-03
3.976601E-03	1.104934E+02	1.524372E+00	1.045300E-03
4.110412E-03	1.086194E+02	1.430307E+00	1.044303E-03
4.248726E-03	1.069789E+02	1.312893E+00	1.036068E-03
4.391695E-03	1.007235E+02	1.183155E+00	1.039524E-03
4.539474E-03	9.999971E+01	1.085375E+00	1.038053E-03
4.692226E-03	9.724789E+01	9.463912E-01	1.029494E-03
4.850118E-03	9.402957E+01	8.451238E-01	1.031580E-03
5.013323E-03	9.125766E+01	7.496477E-01	1.037100E-03
5.182020E-03	8.742003E+01	6.837221E-01	1.038662E-03
5.356393E-03	8.550183E+01	6.311977E-01	1.043424E-03
5.536634E-03	8.412502E+01	5.783925E-01	1.048014E-03
5.722941E-03	7.972201E+01	5.275354E-01	1.052048E-03
5.915516E-03	7.800325E+01	4.904075E-01	1.057587E-03
6.114571E-03	7.419675E+01	4.601472E-01	1.059121E-03
6.320325E-03	7.158677E+01	4.391921E-01	1.059436E-03
6.533002E-03	6.854722E+01	4.117151E-01	1.058739E-03
6.752836E-03	6.527900E+01	3.873540E-01	1.059221E-03
6.980067E-03	6.321269E+01	3.706583E-01	1.059966E-03
7.214944E-03	6.044157E+01	3.513414E-01	1.059402E-03
7.457725E-03	5.798665E+01	3.321755E-01	1.058954E-03
7.708675E-03	5.566735E+01	3.164163E-01	1.059504E-03
7.968070E-03	5.334386E+01	2.982815E-01	1.059920E-03
8.236193E-03	5.072418E+01	2.820256E-01	1.059381E-03
8.513338E-03	4.891716E+01	2.688411E-01	1.059120E-03
8.799810E-03	4.674769E+01	2.527858E-01	1.059392E-03
9.095921E-03	4.428722E+01	2.381697E-01	1.059579E-03
9.401996E-03	4.207125E+01	2.264607E-01	1.060080E-03
9.718371E-03	4.025210E+01	2.124413E-01	1.059339E-03
1.004539E-02	3.819943E+01	2.006336E-01	1.059803E-03
1.038342E-02	3.603465E+01	1.881852E-01	1.059983E-03
1.073281E-02	3.450175E+01	1.781349E-01	1.059333E-03
1.109397E-02	3.228927E+01	1.672430E-01	1.060189E-03
1.146728E-02	3.080301E+01	1.586170E-01	1.059859E-03
1.185315E-02	2.895821E+01	1.484676E-01	1.059540E-03
1.225201E-02	2.742880E+01	1.399751E-01	1.059906E-03
1.266428E-02	2.579554E+01	1.313865E-01	1.059872E-03
1.309043E-02	2.437041E+01	1.229128E-01	1.060489E-03
1.353092E-02	2.296388E+01	1.159864E-01	1.059862E-03
1.398623E-02	2.147764E+01	1.089065E-01	1.059939E-03
1.445686E-02	2.036610E+01	1.023958E-01	1.060282E-03
1.494333E-02	1.901733E+01	9.601107E-02	1.060287E-03
1.544617E-02	1.768235E+01	8.964634E-02	1.060315E-03
1.596593E-02	1.673733E+01	8.429530E-02	1.060484E-03
1.650318E-02	1.549526E+01	7.834935E-02	1.060391E-03
1.705851E-02	1.469953E+01	7.399568E-02	1.060786E-03
1.763252E-02	1.355820E+01	6.878477E-02	1.061035E-03
1.822585E-02	1.286486E+01	6.538730E-02	1.060388E-03
1.883915E-02	1.210532E+01	6.146285E-02	1.060868E-03
1.947308E-02	1.111708E+01	5.735751E-02	1.061160E-03
2.012834E-02	1.036969E+01	5.375024E-02	1.061278E-03
2.080565E-02	9.766715E+00	5.091939E-02	1.061221E-03
2.150576E-02	9.059513E+00	4.778188E-02	1.061512E-03
2.222942E-02	8.455207E+00	4.502849E-02	1.061734E-03
2.297744E-02	7.913411E+00	4.244860E-02	1.061789E-03
2.375062E-02	7.256081E+00	3.981827E-02	1.062405E-03
2.454982E-02	6.849949E+00	3.767570E-02	1.063108E-03
2.537592E-02	6.339991E+00	3.567633E-02	1.062880E-03
2.622981E-02	5.901742E+00	3.378325E-02	1.063230E-03
2.711243E-02	5.439630E+00	3.180043E-02	1.063229E-03
2.802476E-02	5.089504E+00	3.036291E-02	1.063381E-03
2.896778E-02	4.678365E+00	2.874042E-02	1.063876E-03
2.994254E-02	4.384794E+00	2.746020E-02	1.064250E-03
3.095010E-02	4.052829E+00	2.610940E-02	1.064672E-03
3.199156E-02	3.697540E+00	2.483499E-02	1.064871E-03
3.306807E-02	3.417587E+00	2.369358E-02	1.065061E-03
3.418080E-02	3.171745E+00	2.262167E-02	1.065228E-03
3.533097E-02	2.946683E+00	2.172822E-02	1.065204E-03
3.651985E-02	2.732247E+00	2.089420E-02	1.066079E-03
3.774873E-02	2.514751E+00	2.005076E-02	1.068985E-03
3.901897E-02	2.331228E+00	1.933449E-02	1.074479E-03
4.033194E-02	2.143247E+00	1.871698E-02	1.080433E-03
4.168910E-02	1.988647E+00	1.837157E-02	1.086169E-03
4.309193E-02	1.838012E+00	1.818231E-02	1.091730E-03
4.454196E-02	1.694636E+00	1.814935E-02	1.098285E-03
4.604078E-02	1.557062E+00	1.836152E-02	1.104483E-03
4.759004E-02	1.425294E+00	1.888764E-02	1.109451E-03
4.919143E-02	1.296093E+00	1.963101E-02	1.114100E-03
5.084671E-02	1.195008E+00	2.047181E-02	1.121207E-03
5.255769E-02	1.100367E+00	2.127737E-02	1.130738E-03
5.432624E-02	9.951186E-01	2.243434E-02	1.141146E-03
5.615430E-02	9.013488E-01	2.396336E-02	1.152841E-03
5.804388E-02	8.154040E-01	2.576349E-02	1.166224E-03
5.999704E-02	7.448331E-01	2.840577E-02	1.180372E-03
6.201592E-02	6.628185E-01	3.220006E-02	1.194678E-03
6.410274E-02	6.075004E-01	3.847251E-02	1.208590E-03
6.625978E-02	5.282765E-01	4.935575E-02	1.222031E-03
6.848940E-02	4.479377E-01	6.776113E-02	1.235669E-03
7.079405E-02	3.966788E-01	1.134166E-01	1.250347E-03
7.317625E-02	2.444168E-01	3.162539E-01	1.262718E-03
