# I(Q)
#Q (1/A)        I (1/cm)        dI (1/cm)       dQ (1/A)
2.763124E-03	1.744183E+00	2.459700E+00	9.444592E-04
2.856102E-03	7.594288E+00	2.100673E+00	9.629796E-04
2.952210E-03	4.973164E+00	1.582126E+00	9.696479E-04
3.051551E-03	4.982709E+00	9.680977E-01	9.762138E-04
3.154235E-03	4.181350E+00	6.700621E-01	9.845640E-04
3.260374E-03	5.277726E+00	5.852405E-01	1.002996E-03
3.370085E-03	4.994450E+00	5.248172E-01	1.022943E-03
3.483488E-03	4.764164E+00	4.616844E-01	1.024471E-03
3.600707E-03	4.562100E+00	4.194455E-01	1.036352E-03
3.721870E-03	4.522728E+00	3.825919E-01	1.043429E-03
3.847110E-03	3.714046E+00	3.315998E-01	1.051752E-03
3.976565E-03	4.316409E+00	3.249356E-01	1.045299E-03
4.110376E-03	4.379502E+00	3.075226E-01	1.044302E-03
4.248689E-03	4.736228E+00	2.931413E-01	1.036067E-03
4.391657E-03	4.242567E+00	2.750193E-01	1.039523E-03
4.539435E-03	4.688942E+00	2.568325E-01	1.038052E-03
4.692186E-03	4.465857E+00	2.228752E-01	1.029493E-03
4.850077E-03	3.895057E+00	1.929351E-01	1.031580E-03
5.013282E-03	3.726902E+00	1.707294E-01	1.037100E-03
5.181978E-03	3.570138E+00	1.580216E-01	1.038706E-03
5.356350E-03	3.256488E+00	1.420434E-01	1.043377E-03
5.536590E-03	3.283421E+00	1.311044E-01	1.047861E-03
5.722896E-03	3.064910E+00	1.195528E-01	1.052181E-03
5.915470E-03	2.805281E+00	1.113641E-01	1.057573E-03
6.114525E-03	2.843773E+00	1.075239E-01	1.059131E-03
6.320277E-03	2.713564E+00	1.027926E-01	1.059436E-03
6.532953E-03	2.647716E+00	9.749891E-02	1.058739E-03
6.752786E-03	2.455892E+00	9.369562E-02	1.059220E-03
6.980016E-03	2.504859E+00	9.216730E-02	1.059966E-03
7.214892E-03	2.413156E+00	8.823430E-02	1.059402E-03
7.457672E-03	2.300928E+00	8.372907E-02	1.058953E-03
7.708622E-03	2.318884E+00	8.199234E-02	1.059414E-03
7.968015E-03	2.306602E+00	7.941616E-02	1.060043E-03
8.236138E-03	2.291958E+00	7.652672E-02	1.059342E-03
8.513282E-03	2.205318E+00	7.401443E-02	1.059120E-03
8.799752E-03	2.138181E+00	7.075792E-02	1.059351E-03
9.095862E-03	2.164782E+00	6.824822E-02	1.059616E-03
9.401937E-03	2.195361E+00	6.699125E-02	1.060079E-03
9.718310E-03	2.213456E+00	6.413123E-02	1.059371E-03
1.004533E-02	2.180045E+00	6.207098E-02	1.059800E-03
1.038335E-02	2.210532E+00	6.040544E-02	1.059968E-03
1.073275E-02	2.203841E+00	5.793501E-02	1.059322E-03
1.109391E-02	2.215307E+00	5.663146E-02	1.060189E-03
1.146721E-02	2.165074E+00	5.476921E-02	1.059859E-03
1.185308E-02	2.170546E+00	5.303502E-02	1.059539E-03
1.225194E-02	2.193103E+00	5.141338E-02	1.059879E-03
1.266421E-02	2.079878E+00	4.936063E-02	1.059897E-03
1.309036E-02	2.124948E+00	4.772449E-02	1.060489E-03
1.353085E-02	2.239435E+00	4.697365E-02	1.059847E-03
1.398616E-02	2.192723E+00	4.525776E-02	1.059960E-03
1.445679E-02	2.212811E+00	4.368523E-02	1.060292E-03
1.494326E-02	2.221709E+00	4.221914E-02	1.060271E-03
1.544610E-02	2.191011E+00	4.088576E-02	1.060300E-03
1.596586E-02	2.276802E+00	3.950422E-02	1.060497E-03
1.650311E-02	2.213223E+00	3.779876E-02	1.060391E-03
1.705843E-02	2.187797E+00	3.670881E-02	1.060781E-03
1.763244E-02	2.192532E+00	3.535954E-02	1.061032E-03
1.822577E-02	2.184852E+00	3.449755E-02	1.060371E-03
1.883907E-02	2.192579E+00	3.340279E-02	1.060893E-03
1.947300E-02	2.145470E+00	3.234029E-02	1.061164E-03
2.012826E-02	2.143224E+00	3.116670E-02	1.061281E-03
2.080557E-02	2.164554E+00	3.033960E-02	1.061194E-03
2.150568E-02	2.100050E+00	2.918436E-02	1.061534E-03
2.222934E-02	2.143818E+00	2.833318E-02	1.061716E-03
2.297735E-02	2.075100E+00	2.726166E-02	1.061806E-03
2.375054E-02	2.033405E+00	2.637607E-02	1.062393E-03
2.454974E-02	2.010792E+00	2.539989E-02	1.063106E-03
2.537583E-02	1.994295E+00	2.458169E-02	1.062886E-03
2.622972E-02	1.965586E+00	2.384403E-02	1.063231E-03
2.711235E-02	1.877072E+00	2.292815E-02	1.063235E-03
2.802467E-02	1.848532E+00	2.225539E-02	1.063381E-03
2.896770E-02	1.785461E+00	2.152780E-02	1.063871E-03
2.994246E-02	1.732674E+00	2.076572E-02	1.064251E-03
3.095002E-02	1.675620E+00	2.001397E-02	1.064675E-03
3.199148E-02	1.625610E+00	1.939537E-02	1.064869E-03
3.306799E-02	1.579882E+00	1.873790E-02	1.065062E-03
3.418072E-02	1.500518E+00	1.806164E-02	1.065230E-03
3.533089E-02	1.444306E+00	1.748429E-02	1.065201E-03
3.651977E-02	1.389202E+00	1.697230E-02	1.066078E-03
3.774865E-02	1.361235E+00	1.642806E-02	1.068986E-03
3.901889E-02	1.275036E+00	1.587638E-02	1.074480E-03
4.033187E-02	1.204986E+00	1.547884E-02	1.080435E-03
4.168903E-02	1.170061E+00	1.526681E-02	1.086171E-03
4.309186E-02	1.100080E+00	1.515157E-02	1.091730E-03
4.454189E-02	1.045622E+00	1.517754E-02	1.098284E-03
4.604072E-02	9.911930E-01	1.541000E-02	1.104481E-03
4.758998E-02	9.257195E-01	1.591243E-02	1.109455E-03
4.919137E-02	8.835406E-01	1.660596E-02	1.114105E-03
5.084665E-02	8.310936E-01	1.733778E-02	1.121206E-03
5.255763E-02	7.571496E-01	1.807625E-02	1.130732E-03
5.432619E-02	7.088320E-01	1.907883E-02	1.141149E-03
5.615425E-02	6.480284E-01	2.043239E-02	1.152836E-03
5.804383E-02	5.853826E-01	2.198146E-02	1.166235E-03
5.999700E-02	5.562529E-01	2.431493E-02	1.180355E-03
6.201589E-02	4.746567E-01	2.760550E-02	1.194678E-03
6.410271E-02	4.088369E-01	3.289156E-02	1.208590E-03
6.625975E-02	3.495556E-01	4.225035E-02	1.222031E-03
6.848938E-02	2.836219E-01	5.831175E-02	1.235669E-03
7.079404E-02	3.211181E-01	9.787671E-02	1.250347E-03
7.317624E-02	5.199236E-01	2.921899E-01	1.262718E-03
