# I(Q)
#Q (1/A)        I (1/cm)        dI (1/cm)       dQ (1/A)
2.763235E-03	7.711693E+00	4.461274E+00	9.444777E-04
2.856216E-03	8.022582E+00	2.928647E+00	9.629842E-04
2.952326E-03	9.097406E+00	2.259815E+00	9.696565E-04
3.051670E-03	7.508912E+00	1.380821E+00	9.762193E-04
3.154357E-03	5.545887E+00	9.913982E-01	9.845691E-04
3.260499E-03	5.930488E+00	8.009317E-01	1.002998E-03
3.370213E-03	6.941422E+00	7.622688E-01	1.022945E-03
3.483618E-03	6.295222E+00	6.676285E-01	1.024475E-03
3.600840E-03	6.241588E+00	6.052448E-01	1.036354E-03
3.722006E-03	5.593218E+00	5.446542E-01	1.043431E-03
3.847249E-03	5.054899E+00	4.833769E-01	1.051754E-03
3.976707E-03	4.997570E+00	4.483912E-01	1.045303E-03
4.110521E-03	5.048429E+00	4.229472E-01	1.044304E-03
4.248837E-03	5.102627E+00	4.052472E-01	1.036070E-03
4.391808E-03	4.956123E+00	3.872869E-01	1.039526E-03
4.539590E-03	4.653378E+00	3.440283E-01	1.038024E-03
4.692344E-03	4.803913E+00	3.022731E-01	1.029501E-03
4.850239E-03	4.107412E+00	2.682621E-01	1.031582E-03
5.013446E-03	4.224895E+00	2.420853E-01	1.037003E-03
5.182146E-03	4.116204E+00	2.224764E-01	1.038751E-03
5.356522E-03	3.874354E+00	2.044470E-01	1.043425E-03
5.536766E-03	3.409235E+00	1.829150E-01	1.047949E-03
5.723074E-03	3.280410E+00	1.694839E-01	1.052114E-03
5.915652E-03	3.013956E+00	1.576382E-01	1.057588E-03
6.114711E-03	3.027575E+00	1.524346E-01	1.059031E-03
6.320467E-03	2.820136E+00	1.448370E-01	1.059516E-03
6.533147E-03	2.662133E+00	1.383297E-01	1.058747E-03
6.752983E-03	2.549057E+00	1.331921E-01	1.059303E-03
6.980217E-03	2.578599E+00	1.307217E-01	1.059871E-03
7.215097E-03	2.534753E+00	1.261602E-01	1.059421E-03
7.457881E-03	2.415501E+00	1.200714E-01	1.058955E-03
7.708834E-03	2.355234E+00	1.172774E-01	1.059350E-03
7.968232E-03	2.243912E+00	1.126921E-01	1.059996E-03
8.236358E-03	2.244711E+00	1.086464E-01	1.059411E-03
8.513506E-03	2.323606E+00	1.061771E-01	1.059125E-03
8.799981E-03	2.075146E+00	1.012555E-01	1.059446E-03
9.096095E-03	2.177434E+00	9.793508E-02	1.059533E-03
9.402173E-03	2.113442E+00	9.592179E-02	1.060100E-03
9.718550E-03	2.188375E+00	9.204425E-02	1.059327E-03
1.004557E-02	2.094378E+00	8.855649E-02	1.059803E-03
1.038360E-02	2.029501E+00	8.586485E-02	1.060057E-03
1.073300E-02	2.195347E+00	8.307102E-02	1.059290E-03
1.109416E-02	2.044720E+00	8.063621E-02	1.060181E-03
1.146747E-02	2.148312E+00	7.821869E-02	1.059863E-03
1.185335E-02	2.078734E+00	7.569531E-02	1.059538E-03
1.225221E-02	2.059182E+00	7.318463E-02	1.059905E-03
1.266449E-02	2.088537E+00	7.102730E-02	1.059869E-03
1.309064E-02	2.097385E+00	6.834486E-02	1.060478E-03
1.353113E-02	2.079380E+00	6.668063E-02	1.059861E-03
1.398644E-02	2.082534E+00	6.440894E-02	1.059978E-03
1.445708E-02	2.071344E+00	6.222796E-02	1.060288E-03
1.494355E-02	2.099630E+00	6.020831E-02	1.060252E-03
1.544639E-02	2.082762E+00	5.831653E-02	1.060344E-03
1.596615E-02	2.105032E+00	5.622604E-02	1.060454E-03
1.650341E-02	2.078325E+00	5.393805E-02	1.060433E-03
1.705874E-02	2.136142E+00	5.242331E-02	1.060760E-03
1.763275E-02	2.097532E+00	5.047569E-02	1.061043E-03
1.822608E-02	2.075752E+00	4.919074E-02	1.060378E-03
1.883938E-02	2.115058E+00	4.779169E-02	1.060868E-03
1.947331E-02	2.139605E+00	4.630222E-02	1.061180E-03
2.012858E-02	2.056776E+00	4.459632E-02	1.061272E-03
2.080589E-02	2.038979E+00	4.320597E-02	1.061245E-03
2.150600E-02	2.050792E+00	4.181920E-02	1.061473E-03
2.222966E-02	2.051913E+00	4.047983E-02	1.061742E-03
2.297768E-02	2.012055E+00	3.913037E-02	1.061804E-03
2.375086E-02	1.952361E+00	3.774812E-02	1.062391E-03
2.455007E-02	1.919269E+00	3.639585E-02	1.063099E-03
2.537616E-02	1.885548E+00	3.523194E-02	1.062917E-03
2.623005E-02	1.874934E+00	3.419228E-02	1.063210E-03
2.711268E-02	1.853919E+00	3.302608E-02	1.063230E-03
2.802500E-02	1.780717E+00	3.202429E-02	1.063393E-03
2.896803E-02	1.724813E+00	3.107621E-02	1.063864E-03
2.994279E-02	1.687958E+00	3.007040E-02	1.064278E-03
3.095034E-02	1.641144E+00	2.899839E-02	1.064655E-03
3.199180E-02	1.562187E+00	2.810877E-02	1.064861E-03
3.306831E-02	1.528881E+00	2.719072E-02	1.065053E-03
3.418104E-02	1.469488E+00	2.626818E-02	1.065226E-03
3.533121E-02	1.439507E+00	2.548243E-02	1.065218E-03
3.652008E-02	1.373504E+00	2.477523E-02	1.066077E-03
3.774896E-02	1.317248E+00	2.396695E-02	1.068974E-03
3.901919E-02	1.270830E+00	2.324589E-02	1.074471E-03
4.033216E-02	1.214532E+00	2.267139E-02	1.080450E-03
4.168932E-02	1.162959E+00	2.234420E-02	1.086160E-03
4.309214E-02	1.105750E+00	2.224432E-02	1.091720E-03
4.454216E-02	1.049597E+00	2.228725E-02	1.098297E-03
4.604098E-02	1.010459E+00	2.265196E-02	1.104466E-03
4.759023E-02	9.518483E-01	2.339964E-02	1.109459E-03
4.919161E-02	8.908219E-01	2.443275E-02	1.114101E-03
5.084688E-02	8.432963E-01	2.554924E-02	1.121213E-03
5.255785E-02	7.641064E-01	2.665125E-02	1.130722E-03
5.432639E-02	7.094904E-01	2.813669E-02	1.141147E-03
5.615444E-02	6.598373E-01	3.013456E-02	1.152850E-03
5.804400E-02	5.992190E-01	3.254816E-02	1.166224E-03
5.999714E-02	5.699066E-01	3.596252E-02	1.180372E-03
6.201601E-02	4.931807E-01	4.093530E-02	1.194678E-03
6.410281E-02	4.704076E-01	4.892071E-02	1.208590E-03
6.625984E-02	3.651880E-01	6.292480E-02	1.222031E-03
6.848944E-02	3.721612E-01	8.688562E-02	1.235669E-03
7.079407E-02	2.472058E-01	1.451496E-01	1.250347E-03
7.317625E-02	3.142352E-01	4.091008E-01	1.262718E-03
