# I(Q)
#Q (1/A)        I (1/cm)        dI (1/cm)       dQ (1/A)
2.763235E-03	1.360859E+01	7.866597E+00	9.444777E-04
2.856216E-03	9.237451E+00	4.900498E+00	9.629842E-04
2.952326E-03	9.940252E+00	3.586564E+00	9.696565E-04
3.051670E-03	6.597059E+00	2.188841E+00	9.762193E-04
3.154357E-03	6.029422E+00	1.583692E+00	9.845691E-04
3.260499E-03	6.372705E+00	1.286104E+00	1.002998E-03
3.370213E-03	6.145573E+00	1.179707E+00	1.022945E-03
3.483618E-03	6.091479E+00	1.062165E+00	1.024475E-03
3.600840E-03	7.267240E+00	1.004009E+00	1.036354E-03
3.722006E-03	5.483008E+00	8.713187E-01	1.043431E-03
3.847249E-03	4.659374E+00	7.877985E-01	1.051754E-03
3.976707E-03	5.186718E+00	7.264594E-01	1.045303E-03
4.110521E-03	5.094838E+00	6.784795E-01	1.044304E-03
4.248837E-03	4.749588E+00	6.444902E-01	1.036070E-03
4.391808E-03	5.057580E+00	6.307869E-01	1.039526E-03
4.539590E-03	4.275937E+00	5.589412E-01	1.038024E-03
4.692344E-03	5.013856E+00	4.980014E-01	1.029501E-03
4.850239E-03	4.094979E+00	4.445635E-01	1.031582E-03
5.013446E-03	4.233615E+00	3.986935E-01	1.037003E-03
5.182146E-03	4.147595E+00	3.694701E-01	1.038751E-03
5.356522E-03	3.977615E+00	3.405081E-01	1.043425E-03
5.536766E-03	3.495337E+00	3.080583E-01	1.047949E-03
5.723074E-03	3.367972E+00	2.857236E-01	1.052114E-03
5.915652E-03	2.881303E+00	2.649648E-01	1.057588E-03
6.114711E-03	3.020821E+00	2.575683E-01	1.059031E-03
6.320467E-03	2.813605E+00	2.454493E-01	1.059517E-03
6.533147E-03	2.792010E+00	2.351989E-01	1.058747E-03
6.752983E-03	2.566316E+00	2.271288E-01	1.059303E-03
6.980217E-03	2.638109E+00	2.222492E-01	1.059871E-03
7.215097E-03	2.670705E+00	2.147739E-01	1.059421E-03
7.457881E-03	2.363197E+00	2.053158E-01	1.058955E-03
7.708834E-03	2.383330E+00	2.007380E-01	1.059350E-03
7.968232E-03	2.277707E+00	1.941009E-01	1.059996E-03
8.236358E-03	2.192752E+00	1.861708E-01	1.059411E-03
8.513506E-03	2.329182E+00	1.816971E-01	1.059125E-03
8.799981E-03	2.062724E+00	1.742880E-01	1.059446E-03
9.096095E-03	2.124771E+00	1.677138E-01	1.059533E-03
9.402173E-03	2.127158E+00	1.649347E-01	1.060100E-03
9.718550E-03	2.176144E+00	1.578141E-01	1.059327E-03
1.004557E-02	2.045671E+00	1.523644E-01	1.059803E-03
1.038360E-02	2.007191E+00	1.479069E-01	1.060057E-03
1.073300E-02	2.172732E+00	1.429952E-01	1.059290E-03
1.109416E-02	2.092123E+00	1.390778E-01	1.060181E-03
1.146747E-02	2.207557E+00	1.346740E-01	1.059863E-03
1.185335E-02	2.064430E+00	1.305031E-01	1.059538E-03
1.225221E-02	2.092387E+00	1.258998E-01	1.059905E-03
1.266449E-02	2.035625E+00	1.220953E-01	1.059869E-03
1.309064E-02	2.042724E+00	1.177161E-01	1.060478E-03
1.353113E-02	2.118309E+00	1.148489E-01	1.059861E-03
1.398644E-02	2.067614E+00	1.108639E-01	1.059978E-03
1.445708E-02	2.048711E+00	1.072700E-01	1.060288E-03
1.494355E-02	2.076656E+00	1.036203E-01	1.060252E-03
1.544639E-02	2.073930E+00	1.002857E-01	1.060344E-03
1.596615E-02	2.090244E+00	9.676068E-02	1.060454E-03
1.650341E-02	2.051157E+00	9.274983E-02	1.060433E-03
1.705874E-02	2.171791E+00	9.016535E-02	1.060760E-03
1.763275E-02	2.081950E+00	8.693841E-02	1.061043E-03
1.822608E-02	2.060003E+00	8.482905E-02	1.060378E-03
1.883938E-02	2.074692E+00	8.209759E-02	1.060868E-03
1.947331E-02	2.105275E+00	7.963067E-02	1.061180E-03
2.012858E-02	2.049395E+00	7.680857E-02	1.061272E-03
2.080589E-02	2.070157E+00	7.454024E-02	1.061245E-03
2.150600E-02	2.066664E+00	7.203890E-02	1.061473E-03
2.222966E-02	2.065378E+00	6.973907E-02	1.061742E-03
2.297768E-02	2.020418E+00	6.747784E-02	1.061804E-03
2.375086E-02	1.934267E+00	6.516149E-02	1.062391E-03
2.455007E-02	1.947764E+00	6.293603E-02	1.063099E-03
2.537616E-02	1.890225E+00	6.089405E-02	1.062917E-03
2.623005E-02	1.877724E+00	5.912385E-02	1.063210E-03
2.711268E-02	1.838258E+00	5.712445E-02	1.063230E-03
2.802500E-02	1.791536E+00	5.546129E-02	1.063393E-03
2.896803E-02	1.733757E+00	5.388301E-02	1.063864E-03
2.994279E-02	1.678667E+00	5.216160E-02	1.064278E-03
3.095034E-02	1.619459E+00	5.034932E-02	1.064655E-03
3.199180E-02	1.569494E+00	4.889171E-02	1.064861E-03
3.306831E-02	1.537243E+00	4.733279E-02	1.065053E-03
3.418104E-02	1.473824E+00	4.573933E-02	1.065226E-03
3.533121E-02	1.447633E+00	4.440535E-02	1.065218E-03
3.652008E-02	1.357234E+00	4.320013E-02	1.066077E-03
3.774896E-02	1.320520E+00	4.183289E-02	1.068974E-03
3.901919E-02	1.287114E+00	4.058439E-02	1.074471E-03
4.033216E-02	1.219422E+00	3.958085E-02	1.080450E-03
4.168932E-02	1.158257E+00	3.903092E-02	1.086160E-03
4.309214E-02	1.116274E+00	3.889040E-02	1.091720E-03
4.454216E-02	1.064563E+00	3.896853E-02	1.098297E-03
4.604098E-02	9.987331E-01	3.961929E-02	1.104466E-03
4.759023E-02	9.491855E-01	4.094804E-02	1.109459E-03
4.919161E-02	9.011876E-01	4.279719E-02	1.114101E-03
5.084688E-02	8.450804E-01	4.475761E-02	1.121213E-03
5.255785E-02	7.760228E-01	4.672131E-02	1.130722E-03
5.432639E-02	7.019895E-01	4.934664E-02	1.141147E-03
5.615444E-02	6.653248E-01	5.285570E-02	1.152850E-03
5.804400E-02	5.944981E-01	5.707538E-02	1.166224E-03
5.999715E-02	5.723950E-01	6.301543E-02	1.180372E-03
6.201601E-02	4.622322E-01	7.178041E-02	1.194678E-03
6.410281E-02	4.575632E-01	8.590733E-02	1.208590E-03
6.625984E-02	3.589787E-01	1.104461E-01	1.222031E-03
6.848944E-02	3.135266E-01	1.525769E-01	1.235669E-03
7.079407E-02	1.836587E-01	2.556832E-01	1.250347E-03
7.317625E-02	3.507275E-01	7.213785E-01	1.262718E-03
