# I(Q)
#Q (1/A)        I (1/cm)        dI (1/cm)       dQ (1/A)
2.763110E-03	7.049675E+00	2.884880E+00	9.444568E-04
2.856088E-03	7.683670E+00	1.725742E+00	9.629790E-04
2.952195E-03	6.407720E+00	1.238470E+00	9.696469E-04
3.051536E-03	5.853717E+00	7.694086E-01	9.762131E-04
3.154220E-03	5.515606E+00	5.609359E-01	9.845634E-04
3.260359E-03	5.195695E+00	4.583059E-01	1.002996E-03
3.370070E-03	5.200301E+00	4.272634E-01	1.022943E-03
3.483472E-03	4.879395E+00	3.577437E-01	1.024470E-03
3.600690E-03	4.838948E+00	3.348589E-01	1.036352E-03
3.721853E-03	4.553572E+00	2.996521E-01	1.043429E-03
3.847093E-03	4.425200E+00	2.683030E-01	1.051752E-03
3.976547E-03	4.089759E+00	2.426191E-01	1.045299E-03
4.110358E-03	3.905989E+00	2.240358E-01	1.044302E-03
4.248671E-03	4.622097E+00	2.303470E-01	1.036319E-03
4.391638E-03	4.631303E+00	2.178819E-01	1.039300E-03
4.539416E-03	4.511419E+00	1.977269E-01	1.038051E-03
4.692167E-03	4.050691E+00	1.621281E-01	1.029493E-03
4.850057E-03	4.087097E+00	1.479531E-01	1.031579E-03
5.013261E-03	3.615706E+00	1.278453E-01	1.037099E-03
5.181957E-03	3.436916E+00	1.169252E-01	1.038706E-03
5.356329E-03	3.140719E+00	1.051533E-01	1.043377E-03
5.536569E-03	3.128919E+00	9.646644E-02	1.047861E-03
5.722873E-03	2.781312E+00	8.748725E-02	1.052181E-03
5.915447E-03	2.747708E+00	8.184571E-02	1.057573E-03
6.114501E-03	2.520423E+00	7.703659E-02	1.059013E-03
6.320254E-03	2.350511E+00	7.344012E-02	1.059547E-03
6.532929E-03	2.364227E+00	7.007112E-02	1.058739E-03
6.752762E-03	2.147209E+00	6.639509E-02	1.059170E-03
6.979991E-03	2.031756E+00	6.460365E-02	1.059982E-03
7.214867E-03	1.924625E+00	6.159093E-02	1.059430E-03
7.457646E-03	2.003442E+00	5.957394E-02	1.058952E-03
7.708595E-03	1.967012E+00	5.793614E-02	1.059452E-03
7.967988E-03	1.865264E+00	5.567520E-02	1.060007E-03
8.236110E-03	1.908385E+00	5.373166E-02	1.059342E-03
8.513254E-03	1.774986E+00	5.177191E-02	1.059120E-03
8.799724E-03	1.765161E+00	4.962947E-02	1.059351E-03
9.095833E-03	1.704212E+00	4.750147E-02	1.059615E-03
9.401907E-03	1.708133E+00	4.660320E-02	1.060079E-03
9.718280E-03	1.740767E+00	4.473022E-02	1.059371E-03
1.004530E-02	1.741388E+00	4.349738E-02	1.059800E-03
1.038332E-02	1.697898E+00	4.194797E-02	1.059986E-03
1.073272E-02	1.659366E+00	4.020620E-02	1.059313E-03
1.109387E-02	1.689285E+00	3.930901E-02	1.060181E-03
1.146718E-02	1.719198E+00	3.814320E-02	1.059859E-03
1.185305E-02	1.703016E+00	3.698315E-02	1.059539E-03
1.225190E-02	1.727616E+00	3.568381E-02	1.059853E-03
1.266418E-02	1.726013E+00	3.467199E-02	1.059933E-03
1.309033E-02	1.738478E+00	3.340629E-02	1.060477E-03
1.353081E-02	1.721873E+00	3.249929E-02	1.059846E-03
1.398612E-02	1.727920E+00	3.134966E-02	1.059959E-03
1.445676E-02	1.758527E+00	3.045628E-02	1.060292E-03
1.494322E-02	1.724864E+00	2.923824E-02	1.060254E-03
1.544606E-02	1.779381E+00	2.863733E-02	1.060300E-03
1.596582E-02	1.755206E+00	2.751558E-02	1.060505E-03
1.650307E-02	1.736833E+00	2.636082E-02	1.060396E-03
1.705839E-02	1.770217E+00	2.561014E-02	1.060781E-03
1.763241E-02	1.763540E+00	2.476597E-02	1.061032E-03
1.822573E-02	1.761063E+00	2.408191E-02	1.060370E-03
1.883903E-02	1.747164E+00	2.332504E-02	1.060892E-03
1.947296E-02	1.735387E+00	2.257846E-02	1.061162E-03
2.012822E-02	1.750179E+00	2.182633E-02	1.061279E-03
2.080553E-02	1.750649E+00	2.116797E-02	1.061197E-03
2.150564E-02	1.720339E+00	2.043763E-02	1.061533E-03
2.222930E-02	1.719699E+00	1.976536E-02	1.061719E-03
2.297731E-02	1.679739E+00	1.906476E-02	1.061799E-03
2.375050E-02	1.662330E+00	1.840021E-02	1.062395E-03
2.454970E-02	1.661132E+00	1.776535E-02	1.063116E-03
2.537579E-02	1.651710E+00	1.722669E-02	1.062881E-03
2.622968E-02	1.633252E+00	1.667405E-02	1.063232E-03
2.711231E-02	1.600477E+00	1.607803E-02	1.063235E-03
2.802463E-02	1.575313E+00	1.555507E-02	1.063377E-03
2.896766E-02	1.536238E+00	1.506227E-02	1.063875E-03
2.994242E-02	1.491256E+00	1.453153E-02	1.064247E-03
3.094998E-02	1.470236E+00	1.401597E-02	1.064669E-03
3.199144E-02	1.417889E+00	1.354805E-02	1.064879E-03
3.306795E-02	1.382273E+00	1.309585E-02	1.065065E-03
3.418068E-02	1.337914E+00	1.261627E-02	1.065227E-03
3.533085E-02	1.307243E+00	1.220668E-02	1.065204E-03
3.651973E-02	1.259403E+00	1.184049E-02	1.066075E-03
3.774862E-02	1.200208E+00	1.143492E-02	1.068987E-03
3.901885E-02	1.186081E+00	1.109948E-02	1.074483E-03
4.033183E-02	1.141922E+00	1.081089E-02	1.080435E-03
4.168899E-02	1.096501E+00	1.064495E-02	1.086171E-03
4.309182E-02	1.048298E+00	1.058203E-02	1.091728E-03
4.454185E-02	9.947349E-01	1.058440E-02	1.098281E-03
4.604068E-02	9.472657E-01	1.072634E-02	1.104482E-03
4.758995E-02	9.132954E-01	1.108131E-02	1.109457E-03
4.919134E-02	8.579994E-01	1.155914E-02	1.114105E-03
5.084662E-02	8.216374E-01	1.206343E-02	1.121207E-03
5.255761E-02	7.629132E-01	1.255567E-02	1.130732E-03
5.432616E-02	7.172089E-01	1.325694E-02	1.141149E-03
5.615423E-02	6.884632E-01	1.421443E-02	1.152836E-03
5.804381E-02	6.198762E-01	1.532111E-02	1.166235E-03
5.999698E-02	5.484681E-01	1.684257E-02	1.180368E-03
6.201587E-02	5.279524E-01	1.924538E-02	1.194655E-03
6.410270E-02	4.648130E-01	2.287088E-02	1.208590E-03
6.625974E-02	4.216664E-01	2.933370E-02	1.222031E-03
6.848937E-02	3.907832E-01	4.064919E-02	1.235669E-03
7.079403E-02	3.235086E-01	6.747374E-02	1.250347E-03
7.317624E-02	2.719036E-01	1.896884E-01	1.262717E-03
