# I(Q)
#Q (1/A)        I (1/cm)        dI (1/cm)       dQ (1/A)
2.763068E-03	5.881731E+00	3.404245E+00	9.444499E-04
2.856046E-03	9.193965E+00	2.532468E+00	9.629772E-04
2.952152E-03	5.763656E+00	1.773863E+00	9.696437E-04
3.051492E-03	5.615978E+00	1.086757E+00	9.762111E-04
3.154174E-03	5.241001E+00	7.666463E-01	9.845615E-04
3.260312E-03	5.200086E+00	6.398972E-01	1.002995E-03
3.370022E-03	4.984741E+00	5.852308E-01	1.022942E-03
3.483423E-03	4.868281E+00	5.153087E-01	1.024468E-03
3.600641E-03	4.884264E+00	4.771454E-01	1.036352E-03
3.721802E-03	4.414166E+00	4.213347E-01	1.043428E-03
3.847041E-03	4.204299E+00	3.836799E-01	1.051751E-03
3.976494E-03	4.195969E+00	3.528676E-01	1.045298E-03
4.110303E-03	4.178618E+00	3.274971E-01	1.044301E-03
4.248615E-03	4.291240E+00	3.184387E-01	1.036318E-03
4.391581E-03	4.594601E+00	3.110986E-01	1.039299E-03
4.539358E-03	4.582866E+00	2.858520E-01	1.038050E-03
4.692107E-03	3.991077E+00	2.370926E-01	1.029492E-03
4.849997E-03	3.989208E+00	2.122025E-01	1.031578E-03
5.013199E-03	3.478841E+00	1.871738E-01	1.037098E-03
5.181894E-03	3.390079E+00	1.732024E-01	1.038705E-03
5.356265E-03	3.058692E+00	1.564062E-01	1.043376E-03
5.536503E-03	3.050323E+00	1.427009E-01	1.047860E-03
5.722806E-03	2.809891E+00	1.324464E-01	1.052180E-03
5.915379E-03	2.830609E+00	1.245244E-01	1.057407E-03
6.114432E-03	2.468702E+00	1.171172E-01	1.059160E-03
6.320183E-03	2.377151E+00	1.122738E-01	1.059547E-03
6.532857E-03	2.245635E+00	1.067473E-01	1.058738E-03
6.752688E-03	2.190245E+00	1.029919E-01	1.059169E-03
6.979916E-03	2.028945E+00	1.004945E-01	1.060025E-03
7.214790E-03	1.896107E+00	9.573025E-02	1.059296E-03
7.457568E-03	2.006833E+00	9.256506E-02	1.058916E-03
7.708515E-03	1.970726E+00	8.988650E-02	1.059566E-03
7.967907E-03	1.850110E+00	8.634528E-02	1.060006E-03
8.236027E-03	1.985006E+00	8.396185E-02	1.059286E-03
8.513170E-03	1.737700E+00	8.096921E-02	1.059193E-03
8.799638E-03	1.790278E+00	7.816163E-02	1.059324E-03
9.095746E-03	1.775985E+00	7.495851E-02	1.059582E-03
9.401818E-03	1.637067E+00	7.285453E-02	1.060114E-03
9.718190E-03	1.756870E+00	7.036395E-02	1.059370E-03
1.004521E-02	1.777422E+00	6.843830E-02	1.059755E-03
1.038323E-02	1.725087E+00	6.626150E-02	1.060026E-03
1.073262E-02	1.679568E+00	6.358559E-02	1.059308E-03
1.109378E-02	1.675832E+00	6.184447E-02	1.060205E-03
1.146708E-02	1.733276E+00	6.005577E-02	1.059865E-03
1.185295E-02	1.681358E+00	5.819162E-02	1.059514E-03
1.225180E-02	1.753477E+00	5.623296E-02	1.059828E-03
1.266408E-02	1.725667E+00	5.457023E-02	1.059955E-03
1.309022E-02	1.723440E+00	5.245225E-02	1.060485E-03
1.353071E-02	1.738031E+00	5.128003E-02	1.059836E-03
1.398602E-02	1.709732E+00	4.938832E-02	1.059961E-03
1.445665E-02	1.756659E+00	4.786325E-02	1.060292E-03
1.494312E-02	1.697886E+00	4.609321E-02	1.060267E-03
1.544595E-02	1.771824E+00	4.491075E-02	1.060298E-03
1.596571E-02	1.757336E+00	4.324953E-02	1.060515E-03
1.650295E-02	1.702592E+00	4.136188E-02	1.060357E-03
1.705828E-02	1.739126E+00	4.006382E-02	1.060799E-03
1.763229E-02	1.759200E+00	3.877924E-02	1.061031E-03
1.822562E-02	1.777226E+00	3.786099E-02	1.060372E-03
1.883891E-02	1.737523E+00	3.664230E-02	1.060878E-03
1.947284E-02	1.710221E+00	3.547963E-02	1.061178E-03
2.012810E-02	1.755578E+00	3.431790E-02	1.061252E-03
2.080541E-02	1.732077E+00	3.325186E-02	1.061201E-03
2.150552E-02	1.717966E+00	3.215784E-02	1.061535E-03
2.222918E-02	1.741588E+00	3.111668E-02	1.061726E-03
2.297719E-02	1.683837E+00	3.005768E-02	1.061797E-03
2.375037E-02	1.649982E+00	2.901519E-02	1.062388E-03
2.454957E-02	1.655286E+00	2.798852E-02	1.063113E-03
2.537567E-02	1.668604E+00	2.720510E-02	1.062875E-03
2.622956E-02	1.633883E+00	2.632025E-02	1.063240E-03
2.711218E-02	1.581270E+00	2.541409E-02	1.063247E-03
2.802451E-02	1.584676E+00	2.468267E-02	1.063381E-03
2.896754E-02	1.530223E+00	2.388970E-02	1.063879E-03
2.994229E-02	1.478568E+00	2.312384E-02	1.064228E-03
3.094985E-02	1.473476E+00	2.232418E-02	1.064674E-03
3.199132E-02	1.407504E+00	2.162116E-02	1.064879E-03
3.306782E-02	1.395772E+00	2.094838E-02	1.065062E-03
3.418056E-02	1.342149E+00	2.021989E-02	1.065231E-03
3.533073E-02	1.306280E+00	1.961247E-02	1.065209E-03
3.651961E-02	1.256999E+00	1.904234E-02	1.066073E-03
3.774850E-02	1.186105E+00	1.842097E-02	1.068988E-03
3.901874E-02	1.182853E+00	1.785744E-02	1.074487E-03
4.033172E-02	1.141445E+00	1.742538E-02	1.080433E-03
4.168888E-02	1.096315E+00	1.717387E-02	1.086173E-03
4.309172E-02	1.040671E+00	1.708702E-02	1.091727E-03
4.454175E-02	9.976639E-01	1.713360E-02	1.098273E-03
4.604058E-02	9.440839E-01	1.737738E-02	1.104491E-03
4.758985E-02	9.132566E-01	1.796849E-02	1.109457E-03
4.919125E-02	8.524618E-01	1.877322E-02	1.114109E-03
5.084654E-02	8.206034E-01	1.960732E-02	1.121207E-03
5.255753E-02	7.702773E-01	2.043694E-02	1.130731E-03
5.432609E-02	7.129047E-01	2.157805E-02	1.141151E-03
5.615416E-02	6.864879E-01	2.315069E-02	1.152836E-03
5.804375E-02	6.171066E-01	2.493562E-02	1.166235E-03
5.999692E-02	5.251646E-01	2.744718E-02	1.180368E-03
6.201582E-02	5.308833E-01	3.135288E-02	1.194655E-03
6.410266E-02	4.378222E-01	3.736047E-02	1.208590E-03
6.625971E-02	4.106631E-01	4.802669E-02	1.222031E-03
6.848935E-02	4.144915E-01	6.634177E-02	1.235669E-03
7.079402E-02	3.148470E-01	1.110385E-01	1.250347E-03
7.317624E-02	2.457926E-01	3.108883E-01	1.262717E-03
