# I(Q)
#Q (1/A)        I (1/cm)        dI (1/cm)       dQ (1/A)
2.763235E-03	3.901995E+02	1.234793E+02	9.444778E-04
2.856216E-03	7.674494E+02	9.616405E+01	9.629843E-04
2.952326E-03	6.836394E+02	7.119162E+01	9.696566E-04
3.051670E-03	5.786819E+02	4.250343E+01	9.762194E-04
3.154357E-03	6.795313E+02	3.504314E+01	9.845691E-04
3.260499E-03	6.574752E+02	2.829615E+01	1.002998E-03
3.370213E-03	6.491328E+02	2.596901E+01	1.022945E-03
3.483618E-03	5.845551E+02	2.127047E+01	1.024475E-03
3.600840E-03	5.898847E+02	1.946198E+01	1.036354E-03
3.722006E-03	5.241455E+02	1.697579E+01	1.043431E-03
3.847249E-03	5.254301E+02	1.560421E+01	1.051755E-03
3.976707E-03	4.962786E+02	1.395325E+01	1.045303E-03
4.110521E-03	4.712333E+02	1.285779E+01	1.044304E-03
4.248837E-03	4.383227E+02	1.135941E+01	1.036070E-03
4.391808E-03	4.711632E+02	1.119611E+01	1.039526E-03
4.539590E-03	4.204413E+02	9.606359E+00	1.038024E-03
4.692344E-03	4.229581E+02	8.592715E+00	1.029501E-03
4.850239E-03	4.135502E+02	7.631961E+00	1.031582E-03
5.013446E-03	3.997489E+02	6.817411E+00	1.037003E-03
5.182146E-03	4.080065E+02	6.423748E+00	1.038751E-03
5.356522E-03	3.822504E+02	5.758654E+00	1.043425E-03
5.536766E-03	3.667306E+02	5.227132E+00	1.047949E-03
5.723075E-03	3.615427E+02	4.863093E+00	1.052114E-03
5.915653E-03	3.625150E+02	4.613109E+00	1.057588E-03
6.114711E-03	3.480320E+02	4.310207E+00	1.059031E-03
6.320467E-03	3.436634E+02	4.158405E+00	1.059517E-03
6.533147E-03	3.348391E+02	3.950724E+00	1.058747E-03
6.752983E-03	3.221681E+02	3.758968E+00	1.059303E-03
6.980217E-03	3.132588E+02	3.600050E+00	1.059871E-03
7.215097E-03	3.083327E+02	3.449090E+00	1.059422E-03
7.457881E-03	3.021224E+02	3.309662E+00	1.058955E-03
7.708834E-03	3.037992E+02	3.222199E+00	1.059350E-03
7.968232E-03	2.899261E+02	3.022626E+00	1.059996E-03
8.236358E-03	2.854612E+02	2.914603E+00	1.059411E-03
8.513507E-03	2.753664E+02	2.774846E+00	1.059125E-03
8.799981E-03	2.771102E+02	2.683801E+00	1.059446E-03
9.096095E-03	2.673678E+02	2.548209E+00	1.059533E-03
9.402173E-03	2.640318E+02	2.476291E+00	1.060100E-03
9.718551E-03	2.535036E+02	2.323670E+00	1.059327E-03
1.004557E-02	2.501225E+02	2.249646E+00	1.059803E-03
1.038360E-02	2.414056E+02	2.134686E+00	1.060057E-03
1.073300E-02	2.372110E+02	2.049035E+00	1.059290E-03
1.109416E-02	2.326703E+02	1.977191E+00	1.060181E-03
1.146747E-02	2.257443E+02	1.890621E+00	1.059863E-03
1.185335E-02	2.190744E+02	1.802477E+00	1.059538E-03
1.225221E-02	2.153319E+02	1.720166E+00	1.059905E-03
1.266449E-02	2.067764E+02	1.643340E+00	1.059869E-03
1.309064E-02	2.023637E+02	1.563197E+00	1.060478E-03
1.353113E-02	1.950723E+02	1.501966E+00	1.059861E-03
1.398644E-02	1.864233E+02	1.426855E+00	1.059978E-03
1.445708E-02	1.788558E+02	1.348636E+00	1.060288E-03
1.494355E-02	1.745912E+02	1.296017E+00	1.060252E-03
1.544639E-02	1.679450E+02	1.234914E+00	1.060344E-03
1.596616E-02	1.588757E+02	1.165749E+00	1.060454E-03
1.650341E-02	1.534580E+02	1.109298E+00	1.060433E-03
1.705874E-02	1.483638E+02	1.062982E+00	1.060760E-03
1.763275E-02	1.406876E+02	1.004363E+00	1.061043E-03
1.822608E-02	1.312415E+02	9.520252E-01	1.060378E-03
1.883938E-02	1.252186E+02	9.063663E-01	1.060869E-03
1.947332E-02	1.170718E+02	8.602987E-01	1.061180E-03
2.012858E-02	1.083651E+02	8.104280E-01	1.061273E-03
2.080590E-02	1.038675E+02	7.748321E-01	1.061245E-03
2.150600E-02	9.734167E+01	7.377442E-01	1.061473E-03
2.222967E-02	9.061442E+01	6.990685E-01	1.061742E-03
2.297768E-02	8.425258E+01	6.642352E-01	1.061804E-03
2.375087E-02	7.872102E+01	6.326348E-01	1.062391E-03
2.455007E-02	7.293068E+01	6.010471E-01	1.063099E-03
2.537616E-02	6.742347E+01	5.735577E-01	1.062917E-03
2.623006E-02	6.221694E+01	5.478848E-01	1.063210E-03
2.711268E-02	5.693365E+01	5.209442E-01	1.063230E-03
2.802501E-02	5.142756E+01	4.988400E-01	1.063393E-03
2.896803E-02	4.832688E+01	4.815638E-01	1.063864E-03
2.994279E-02	4.288460E+01	4.597965E-01	1.064278E-03
3.095034E-02	3.912925E+01	4.399121E-01	1.064655E-03
3.199181E-02	3.540492E+01	4.235422E-01	1.064861E-03
3.306831E-02	3.193057E+01	4.071881E-01	1.065053E-03
3.418104E-02	2.892131E+01	3.919807E-01	1.065226E-03
3.533121E-02	2.599382E+01	3.782349E-01	1.065218E-03
3.652008E-02	2.350643E+01	3.664005E-01	1.066077E-03
3.774896E-02	2.081516E+01	3.531421E-01	1.068974E-03
3.901919E-02	1.899726E+01	3.411542E-01	1.074471E-03
4.033217E-02	1.679707E+01	3.319165E-01	1.080450E-03
4.168932E-02	1.515103E+01	3.265852E-01	1.086160E-03
4.309214E-02	1.319416E+01	3.242582E-01	1.091720E-03
4.454216E-02	1.176003E+01	3.242789E-01	1.098297E-03
4.604098E-02	1.048570E+01	3.288886E-01	1.104466E-03
4.759023E-02	9.026522E+00	3.393449E-01	1.109459E-03
4.919162E-02	8.237004E+00	3.540520E-01	1.114101E-03
5.084688E-02	7.085697E+00	3.693618E-01	1.121213E-03
5.255785E-02	5.964656E+00	3.841887E-01	1.130722E-03
5.432639E-02	5.348138E+00	4.044790E-01	1.141147E-03
5.615444E-02	4.640640E+00	4.311319E-01	1.152850E-03
5.804400E-02	3.971260E+00	4.628166E-01	1.166224E-03
5.999715E-02	3.513291E+00	5.085099E-01	1.180372E-03
6.201602E-02	2.965120E+00	5.758753E-01	1.194678E-03
6.410282E-02	2.590298E+00	6.874302E-01	1.208590E-03
6.625984E-02	2.125505E+00	8.809937E-01	1.222031E-03
6.848945E-02	2.081880E+00	1.212097E+00	1.235670E-03
7.079407E-02	9.571397E-01	2.026727E+00	1.250347E-03
7.317625E-02	-3.287850E-03	5.704231E+00	1.262718E-03
