# I(Q)
#Q (1/A)        I (1/cm)        dI (1/cm)       dQ (1/A)
1.226236E-02	2.269745E-01	5.924781E-01	2.521441E-03
1.271899E-02	1.251804E-01	3.531359E-01	2.560323E-03
1.319261E-02	1.176059E-01	2.724897E-01	2.603185E-03
1.368388E-02	1.000586E-01	1.967769E-01	2.628307E-03
1.419343E-02	1.820307E-01	1.553909E-01	2.660109E-03
1.472197E-02	1.558239E-01	1.368092E-01	2.700745E-03
1.527018E-02	1.076939E-01	1.180446E-01	2.741360E-03
1.583881E-02	1.504359E-01	1.117975E-01	2.771002E-03
1.642861E-02	1.760746E-01	9.420025E-02	2.829980E-03
1.704037E-02	1.423665E-01	8.958980E-02	2.836140E-03
1.767492E-02	2.202154E-01	8.033819E-02	2.887671E-03
1.833309E-02	2.287821E-01	7.442867E-02	2.912945E-03
1.901578E-02	1.920869E-01	7.007638E-02	2.933933E-03
1.972388E-02	2.427525E-01	6.584804E-02	2.978162E-03
2.045836E-02	1.590779E-01	6.091836E-02	3.000328E-03
2.122018E-02	2.537332E-01	5.604987E-02	3.019020E-03
2.201037E-02	2.609497E-01	5.192969E-02	3.051415E-03
2.282999E-02	2.480230E-01	5.006757E-02	3.070697E-03
2.368013E-02	2.558539E-01	4.670680E-02	3.102449E-03
2.456192E-02	2.477318E-01	4.267608E-02	3.135100E-03
2.547655E-02	2.921501E-01	4.051715E-02	3.168332E-03
2.642524E-02	2.687063E-01	3.973845E-02	3.201219E-03
2.740926E-02	2.708824E-01	3.783666E-02	3.180443E-03
2.842992E-02	2.939884E-01	3.525506E-02	3.232341E-03
2.948859E-02	2.910993E-01	3.443346E-02	3.207632E-03
3.058668E-02	2.932552E-01	3.312716E-02	3.225550E-03
3.172566E-02	2.837843E-01	3.141944E-02	3.248968E-03
3.290705E-02	3.120628E-01	3.066834E-02	3.249790E-03
3.413244E-02	3.244726E-01	2.962940E-02	3.243895E-03
3.540345E-02	3.133807E-01	2.808674E-02	3.280620E-03
3.672180E-02	2.992223E-01	2.728026E-02	3.267096E-03
3.808924E-02	2.860052E-01	2.598973E-02	3.282717E-03
3.950759E-02	3.124218E-01	2.545461E-02	3.293645E-03
4.097877E-02	3.116927E-01	2.457232E-02	3.283008E-03
4.250473E-02	3.258383E-01	2.358318E-02	3.327982E-03
4.408751E-02	3.076708E-01	2.282935E-02	3.295190E-03
4.572923E-02	3.119595E-01	2.188650E-02	3.340729E-03
4.743208E-02	2.949982E-01	2.186764E-02	3.305987E-03
4.919835E-02	3.151598E-01	2.045730E-02	3.350674E-03
5.103039E-02	3.076835E-01	1.997772E-02	3.336222E-03
5.293065E-02	3.003658E-01	1.934852E-02	3.345167E-03
5.490166E-02	2.996914E-01	1.835744E-02	3.352283E-03
5.694608E-02	2.937287E-01	1.815987E-02	3.362586E-03
5.906663E-02	2.945144E-01	1.742741E-02	3.364775E-03
6.126614E-02	2.842698E-01	1.670232E-02	3.370815E-03
6.354755E-02	2.779115E-01	1.603817E-02	3.388508E-03
6.591392E-02	2.944594E-01	1.552410E-02	3.397633E-03
6.836841E-02	2.780077E-01	1.475730E-02	3.410334E-03
7.091430E-02	2.800049E-01	1.433678E-02	3.424389E-03
7.355499E-02	2.746190E-01	1.396604E-02	3.434771E-03
7.629401E-02	2.651789E-01	1.341062E-02	3.447563E-03
7.913503E-02	2.484962E-01	1.297063E-02	3.459387E-03
8.208184E-02	2.586435E-01	1.243365E-02	3.476641E-03
8.513839E-02	2.430507E-01	1.204776E-02	3.494407E-03
8.830875E-02	2.486958E-01	1.153833E-02	3.514652E-03
9.159717E-02	2.274671E-01	1.113638E-02	3.527734E-03
9.500805E-02	2.279926E-01	1.080665E-02	3.554715E-03
9.854594E-02	2.149040E-01	1.031411E-02	3.586488E-03
1.022156E-01	2.129011E-01	9.931255E-03	3.612767E-03
1.060218E-01	1.941482E-01	9.570102E-03	3.637620E-03
1.099699E-01	1.864883E-01	9.206442E-03	3.665119E-03
1.140649E-01	1.862691E-01	8.908108E-03	3.692852E-03
1.183124E-01	1.758152E-01	8.568694E-03	3.723102E-03
1.227181E-01	1.766087E-01	8.235958E-03	3.756588E-03
1.272879E-01	1.638652E-01	7.952964E-03	3.794322E-03
1.320278E-01	1.679889E-01	7.658379E-03	3.833617E-03
1.369442E-01	1.555365E-01	7.402201E-03	3.875756E-03
1.420437E-01	1.403261E-01	7.087490E-03	3.934799E-03
1.473331E-01	1.424099E-01	6.877458E-03	3.990881E-03
1.528194E-01	1.286456E-01	6.631932E-03	4.059869E-03
1.585101E-01	1.222432E-01	6.396207E-03	4.146231E-03
1.644127E-01	1.223805E-01	6.213418E-03	4.239746E-03
1.705350E-01	1.171480E-01	6.049916E-03	4.344692E-03
1.768854E-01	1.175482E-01	5.874799E-03	4.471408E-03
1.834722E-01	1.090768E-01	5.740366E-03	4.606560E-03
1.903043E-01	1.101902E-01	5.612253E-03	4.762821E-03
1.973908E-01	1.103972E-01	5.508243E-03	4.931299E-03
2.047412E-01	1.075154E-01	5.391762E-03	5.131683E-03
2.123653E-01	1.027500E-01	5.285413E-03	5.348472E-03
2.202733E-01	1.020831E-01	5.177286E-03	5.586943E-03
2.284758E-01	1.027053E-01	5.096531E-03	5.840547E-03
2.369837E-01	1.011126E-01	5.069943E-03	6.105151E-03
2.458085E-01	1.026720E-01	5.079106E-03	6.377212E-03
2.549618E-01	9.729806E-02	5.093525E-03	6.663933E-03
2.644560E-01	9.784070E-02	5.162777E-03	6.956050E-03
2.743038E-01	9.956888E-02	5.255082E-03	7.270416E-03
2.845183E-01	9.766917E-02	5.402592E-03	7.576165E-03
2.951131E-01	9.327002E-02	5.602093E-03	7.901209E-03
3.061024E-01	8.886963E-02	5.894509E-03	8.228387E-03
3.175010E-01	9.858882E-02	6.298903E-03	8.565573E-03
3.293241E-01	9.765406E-02	6.835630E-03	8.906723E-03
3.415873E-01	8.897961E-02	7.523832E-03	9.278612E-03
3.543073E-01	9.177592E-02	8.364600E-03	9.646998E-03
3.675009E-01	9.384528E-02	9.807747E-03	1.002318E-02
3.811858E-01	8.850994E-02	1.156937E-02	1.042735E-02
3.953803E-01	1.028855E-01	1.420272E-02	1.084218E-02
4.101034E-01	9.784345E-02	1.822958E-02	1.127052E-02
4.253748E-01	6.886081E-02	2.549948E-02	1.169248E-02
4.412148E-01	1.286991E-01	4.491044E-02	1.207940E-02
4.576446E-01	2.395657E-01	1.241563E-01	1.237184E-02
