# I(Q)
#Q (1/A)        I (1/cm)        dI (1/cm)       dQ (1/A)
1.226237E-02	2.994098E-02	1.801279E-01	2.521443E-03
1.271900E-02	1.101598E-01	1.088730E-01	2.560323E-03
1.319262E-02	1.274701E-01	8.505632E-02	2.603185E-03
1.368389E-02	1.163475E-01	6.035823E-02	2.628308E-03
1.419344E-02	1.855609E-01	5.061685E-02	2.660109E-03
1.472198E-02	1.444053E-01	4.304141E-02	2.700746E-03
1.527019E-02	2.485951E-01	4.205399E-02	2.741360E-03
1.583882E-02	2.058803E-01	3.735875E-02	2.771002E-03
1.642862E-02	1.894097E-01	3.110713E-02	2.829980E-03
1.704038E-02	1.730943E-01	2.926533E-02	2.836140E-03
1.767493E-02	2.168259E-01	2.687393E-02	2.887671E-03
1.833311E-02	1.936470E-01	2.457390E-02	2.912945E-03
1.901579E-02	2.067507E-01	2.363999E-02	2.933933E-03
1.972390E-02	2.254650E-01	2.209385E-02	2.978162E-03
2.045837E-02	1.955219E-01	2.010251E-02	3.000328E-03
2.122019E-02	2.391951E-01	1.897457E-02	3.019020E-03
2.201039E-02	2.372501E-01	1.791247E-02	3.051414E-03
2.283000E-02	2.461445E-01	1.725805E-02	3.070697E-03
2.368014E-02	2.578341E-01	1.639723E-02	3.102449E-03
2.456194E-02	2.696651E-01	1.504589E-02	3.135100E-03
2.547657E-02	2.917395E-01	1.452360E-02	3.168331E-03
2.642526E-02	2.474879E-01	1.365046E-02	3.201219E-03
2.740928E-02	2.741779E-01	1.335207E-02	3.180442E-03
2.842994E-02	2.887766E-01	1.255778E-02	3.232341E-03
2.948860E-02	2.807936E-01	1.216002E-02	3.207631E-03
3.058669E-02	2.910309E-01	1.171437E-02	3.225550E-03
3.172567E-02	2.863224E-01	1.110078E-02	3.248967E-03
3.290707E-02	3.071093E-01	1.102362E-02	3.249789E-03
3.413245E-02	3.109657E-01	1.073284E-02	3.243895E-03
3.540347E-02	3.141244E-01	1.015798E-02	3.280620E-03
3.672182E-02	2.941245E-01	9.720531E-03	3.267095E-03
3.808925E-02	2.972210E-01	9.291862E-03	3.282716E-03
3.950761E-02	3.219356E-01	9.169172E-03	3.293644E-03
4.097879E-02	3.171731E-01	8.823765E-03	3.283008E-03
4.250475E-02	3.087537E-01	8.405201E-03	3.327982E-03
4.408753E-02	3.073682E-01	8.213281E-03	3.295189E-03
4.572925E-02	3.212321E-01	7.918025E-03	3.340728E-03
4.743210E-02	3.075802E-01	7.831281E-03	3.305986E-03
4.919837E-02	3.096929E-01	7.335014E-03	3.350673E-03
5.103041E-02	3.118513E-01	7.117940E-03	3.336221E-03
5.293067E-02	3.058572E-01	6.895335E-03	3.345166E-03
5.490169E-02	2.940871E-01	6.508068E-03	3.352283E-03
5.694610E-02	3.019578E-01	6.452230E-03	3.362585E-03
5.906665E-02	2.985133E-01	6.189692E-03	3.364774E-03
6.126616E-02	2.851694E-01	5.867838E-03	3.370814E-03
6.354757E-02	2.797969E-01	5.643430E-03	3.388507E-03
6.591394E-02	2.802479E-01	5.447544E-03	3.397464E-03
6.836843E-02	2.810575E-01	5.202588E-03	3.410491E-03
7.091432E-02	2.683063E-01	4.996863E-03	3.424388E-03
7.355501E-02	2.717538E-01	4.884910E-03	3.434770E-03
7.629403E-02	2.609740E-01	4.647115E-03	3.447561E-03
7.913505E-02	2.543318E-01	4.482148E-03	3.459386E-03
8.208186E-02	2.559490E-01	4.306037E-03	3.476639E-03
8.513841E-02	2.404975E-01	4.124070E-03	3.494406E-03
8.830877E-02	2.395288E-01	3.942729E-03	3.514650E-03
9.159720E-02	2.329593E-01	3.792124E-03	3.527732E-03
9.500807E-02	2.247823E-01	3.656538E-03	3.554712E-03
9.854596E-02	2.182123E-01	3.493328E-03	3.586486E-03
1.022156E-01	2.115770E-01	3.347954E-03	3.612765E-03
1.060219E-01	1.950954E-01	3.190560E-03	3.637617E-03
1.099699E-01	1.959739E-01	3.070827E-03	3.665117E-03
1.140649E-01	1.861630E-01	2.959331E-03	3.692850E-03
1.183124E-01	1.786177E-01	2.829234E-03	3.723099E-03
1.227181E-01	1.701452E-01	2.706749E-03	3.756585E-03
1.272879E-01	1.652230E-01	2.603749E-03	3.794319E-03
1.320278E-01	1.593303E-01	2.498333E-03	3.833613E-03
1.369442E-01	1.525012E-01	2.407806E-03	3.875753E-03
1.420437E-01	1.419410E-01	2.293911E-03	3.934795E-03
1.473331E-01	1.390985E-01	2.225576E-03	3.990877E-03
1.528195E-01	1.320315E-01	2.138241E-03	4.059846E-03
1.585101E-01	1.242459E-01	2.060389E-03	4.146238E-03
1.644127E-01	1.210841E-01	2.000362E-03	4.239758E-03
1.705350E-01	1.189020E-01	1.947510E-03	4.344727E-03
1.768854E-01	1.150200E-01	1.892472E-03	4.471373E-03
1.834722E-01	1.111932E-01	1.853820E-03	4.606557E-03
1.903043E-01	1.071912E-01	1.811767E-03	4.762818E-03
1.973908E-01	1.087861E-01	1.791701E-03	4.931297E-03
2.047412E-01	1.053753E-01	1.753847E-03	5.131681E-03
2.123653E-01	1.050664E-01	1.732350E-03	5.348470E-03
2.202733E-01	1.034661E-01	1.708202E-03	5.586893E-03
2.284758E-01	1.033153E-01	1.693175E-03	5.840613E-03
2.369837E-01	1.005619E-01	1.688761E-03	6.105149E-03
2.458085E-01	9.992655E-02	1.705759E-03	6.377210E-03
2.549618E-01	9.946969E-02	1.717123E-03	6.663931E-03
2.644560E-01	9.954253E-02	1.752667E-03	6.956048E-03
2.743038E-01	9.586302E-02	1.782432E-03	7.270414E-03
2.845183E-01	9.805416E-02	1.844007E-03	7.576163E-03
2.951131E-01	9.170283E-02	1.910118E-03	7.901207E-03
3.061024E-01	9.076093E-02	2.016085E-03	8.228385E-03
3.175010E-01	9.437858E-02	2.178896E-03	8.565571E-03
3.293240E-01	9.527438E-02	2.373361E-03	8.906721E-03
3.415873E-01	9.124693E-02	2.599020E-03	9.278609E-03
3.543073E-01	9.009130E-02	2.918615E-03	9.646996E-03
3.675009E-01	9.154006E-02	3.416095E-03	1.002318E-02
3.811858E-01	9.510323E-02	4.088905E-03	1.042735E-02
3.953803E-01	9.764458E-02	5.043977E-03	1.084218E-02
4.101034E-01	9.335942E-02	6.482077E-03	1.127052E-02
4.253747E-01	9.024577E-02	9.118421E-03	1.169248E-02
4.412147E-01	1.075397E-01	1.586709E-02	1.207939E-02
4.576446E-01	1.504772E-01	4.347281E-02	1.237183E-02
