# I(Q)
#Q (1/A)        I (1/cm)        dI (1/cm)       dQ (1/A)
1.205706E-02	7.034980E-01	7.039977E-01	2.419601E-03
1.250778E-02	2.061536E-01	2.030486E-01	2.435251E-03
1.297534E-02	1.241009E-01	1.160909E-01	2.478655E-03
1.346039E-02	2.059977E-01	9.302475E-02	2.525533E-03
1.396356E-02	2.668781E-01	7.534061E-02	2.556888E-03
1.448555E-02	2.082771E-01	6.500774E-02	2.590619E-03
1.502704E-02	1.937190E-01	5.596304E-02	2.607916E-03
1.558878E-02	1.801702E-01	4.754791E-02	2.653120E-03
1.617152E-02	2.145303E-01	3.974910E-02	2.669885E-03
1.677605E-02	1.661224E-01	3.447694E-02	2.699396E-03
1.740317E-02	1.554179E-01	3.091690E-02	2.718477E-03
1.805373E-02	1.474041E-01	2.904158E-02	2.744095E-03
1.872862E-02	1.658323E-01	2.530355E-02	2.789400E-03
1.942873E-02	1.628539E-01	2.423494E-02	2.797797E-03
2.015501E-02	1.740648E-01	2.131212E-02	2.842443E-03
2.090845E-02	1.698941E-01	2.036833E-02	2.858893E-03
2.169005E-02	1.529288E-01	1.809483E-02	2.889234E-03
2.250086E-02	1.573148E-01	1.714628E-02	2.904609E-03
2.334199E-02	1.425190E-01	1.544643E-02	2.939563E-03
2.421456E-02	1.474476E-01	1.449056E-02	2.962716E-03
2.511974E-02	1.320470E-01	1.369447E-02	2.994594E-03
2.605877E-02	1.411961E-01	1.272578E-02	3.018879E-03
2.703290E-02	1.250960E-01	1.196794E-02	3.042529E-03
2.804344E-02	1.299872E-01	1.148605E-02	3.055067E-03
2.909176E-02	1.199619E-01	1.086546E-02	3.075699E-03
3.017927E-02	1.244520E-01	1.034287E-02	3.085568E-03
3.130743E-02	1.351533E-01	9.938237E-03	3.105456E-03
3.247776E-02	1.235506E-01	9.445505E-03	3.114654E-03
3.369184E-02	1.187948E-01	8.948646E-03	3.131316E-03
3.495131E-02	1.256181E-01	8.655203E-03	3.140244E-03
3.625786E-02	1.230823E-01	8.250600E-03	3.151871E-03
3.761325E-02	1.205922E-01	7.985021E-03	3.147932E-03
3.901930E-02	1.185015E-01	7.612416E-03	3.159714E-03
4.047792E-02	1.238014E-01	7.343482E-03	3.164464E-03
4.199106E-02	1.177320E-01	7.062816E-03	3.169678E-03
4.356077E-02	1.184978E-01	6.820933E-03	3.174136E-03
4.518916E-02	1.202812E-01	6.613692E-03	3.178796E-03
4.687842E-02	1.216245E-01	6.320794E-03	3.187176E-03
4.863083E-02	1.162936E-01	6.090179E-03	3.186295E-03
5.044874E-02	1.179557E-01	5.901214E-03	3.189341E-03
5.233461E-02	1.213810E-01	5.684456E-03	3.194995E-03
5.429098E-02	1.233588E-01	5.512088E-03	3.194103E-03
5.632049E-02	1.166458E-01	5.277376E-03	3.198335E-03
5.842586E-02	1.162331E-01	5.080001E-03	3.203417E-03
6.060993E-02	1.169522E-01	4.900758E-03	3.206921E-03
6.287565E-02	1.168411E-01	4.723978E-03	3.210693E-03
6.522606E-02	1.158630E-01	4.520279E-03	3.216464E-03
6.766434E-02	1.152083E-01	4.345490E-03	3.222094E-03
7.019377E-02	1.164303E-01	4.224630E-03	3.227245E-03
7.281775E-02	1.179609E-01	4.080669E-03	3.233256E-03
7.553982E-02	1.194469E-01	3.946025E-03	3.239144E-03
7.836364E-02	1.193381E-01	3.794398E-03	3.246263E-03
8.129303E-02	1.161934E-01	3.663670E-03	3.252422E-03
8.433192E-02	1.184604E-01	3.540193E-03	3.259130E-03
8.748442E-02	1.163517E-01	3.413403E-03	3.269003E-03
9.075475E-02	1.207257E-01	3.280776E-03	3.280894E-03
9.414734E-02	1.173739E-01	3.153550E-03	3.293805E-03
9.766676E-02	1.153047E-01	3.036933E-03	3.303381E-03
1.013177E-01	1.160182E-01	2.944745E-03	3.312819E-03
1.051052E-01	1.180665E-01	2.839768E-03	3.325461E-03
1.090342E-01	1.161163E-01	2.742337E-03	3.337530E-03
1.131101E-01	1.129985E-01	2.648017E-03	3.349363E-03
1.173384E-01	1.154428E-01	2.551124E-03	3.364571E-03
1.217248E-01	1.141814E-01	2.460272E-03	3.381307E-03
1.262751E-01	1.123597E-01	2.364844E-03	3.406145E-03
1.309955E-01	1.134973E-01	2.281103E-03	3.431864E-03
1.358923E-01	1.109740E-01	2.200352E-03	3.465376E-03
1.409723E-01	1.111189E-01	2.137187E-03	3.498668E-03
1.462421E-01	1.101268E-01	2.067893E-03	3.541975E-03
1.517089E-01	1.113677E-01	1.998392E-03	3.592333E-03
1.573801E-01	1.121803E-01	1.933110E-03	3.653745E-03
1.632632E-01	1.112747E-01	1.880112E-03	3.717176E-03
1.693663E-01	1.113693E-01	1.826315E-03	3.793722E-03
1.756976E-01	1.096506E-01	1.767722E-03	3.885416E-03
1.822655E-01	1.095848E-01	1.717809E-03	3.989310E-03
1.890790E-01	1.099179E-01	1.668274E-03	4.099379E-03
1.961471E-01	1.084746E-01	1.620541E-03	4.226546E-03
2.034795E-01	1.086055E-01	1.569923E-03	4.369168E-03
2.110859E-01	1.073126E-01	1.511394E-03	4.526565E-03
2.189767E-01	1.097448E-01	1.462302E-03	4.691273E-03
2.271625E-01	1.069346E-01	1.421852E-03	4.866825E-03
2.356543E-01	1.066928E-01	1.399111E-03	5.043715E-03
2.444635E-01	1.059158E-01	1.380981E-03	5.226615E-03
2.536020E-01	1.024628E-01	1.377403E-03	5.413340E-03
2.630822E-01	1.036040E-01	1.389273E-03	5.601798E-03
2.729167E-01	1.005993E-01	1.406515E-03	5.798114E-03
2.831188E-01	1.000173E-01	1.435299E-03	6.001414E-03
2.937024E-01	9.734013E-02	1.475932E-03	6.211527E-03
3.046816E-01	9.785845E-02	1.550062E-03	6.419658E-03
3.160711E-01	9.750355E-02	1.652297E-03	6.637453E-03
3.278865E-01	9.669471E-02	1.789057E-03	6.857065E-03
3.401435E-01	9.461083E-02	1.954688E-03	7.093325E-03
3.528588E-01	9.683765E-02	2.214504E-03	7.327877E-03
3.660493E-01	9.421783E-02	2.588578E-03	7.561094E-03
3.797330E-01	9.292651E-02	3.077546E-03	7.816245E-03
3.939281E-01	8.741178E-02	3.722363E-03	8.089194E-03
4.086539E-01	8.255250E-02	4.794805E-03	8.374721E-03
4.239302E-01	8.852786E-02	7.157504E-03	8.647284E-03
4.397776E-01	9.786386E-02	1.249863E-02	8.937106E-03
4.562173E-01	9.452190E-02	3.525696E-02	9.158589E-03
