# I(Q)
#Q (1/A)        I (1/cm)        dI (1/cm)       dQ (1/A)
1.205706E-02	4.684357E-01	4.689330E-01	2.419601E-03
1.250778E-02	2.233000E-01	1.395657E-01	2.435250E-03
1.297534E-02	1.500990E-01	7.843776E-02	2.478655E-03
1.346038E-02	1.913911E-01	6.343530E-02	2.525533E-03
1.396356E-02	2.313391E-01	5.147082E-02	2.556888E-03
1.448555E-02	1.971631E-01	4.440090E-02	2.590619E-03
1.502704E-02	1.862696E-01	3.805660E-02	2.607915E-03
1.558878E-02	1.956913E-01	3.291006E-02	2.653120E-03
1.617152E-02	2.212280E-01	2.788956E-02	2.669885E-03
1.677605E-02	1.775841E-01	2.359585E-02	2.699396E-03
1.740317E-02	1.583752E-01	2.110590E-02	2.718477E-03
1.805373E-02	1.427576E-01	1.973770E-02	2.744095E-03
1.872862E-02	1.661405E-01	1.737635E-02	2.789400E-03
1.942873E-02	1.571543E-01	1.659901E-02	2.797797E-03
2.015501E-02	1.729283E-01	1.460051E-02	2.842443E-03
2.090845E-02	1.652120E-01	1.396336E-02	2.858893E-03
2.169004E-02	1.492505E-01	1.232681E-02	2.889234E-03
2.250086E-02	1.584410E-01	1.172766E-02	2.904609E-03
2.334199E-02	1.418281E-01	1.057155E-02	2.939563E-03
2.421456E-02	1.400591E-01	9.865444E-03	2.962716E-03
2.511974E-02	1.368330E-01	9.336331E-03	2.994594E-03
2.605877E-02	1.430859E-01	8.740525E-03	3.018878E-03
2.703290E-02	1.303688E-01	8.173912E-03	3.042529E-03
2.804344E-02	1.309286E-01	7.820964E-03	3.055067E-03
2.909176E-02	1.254711E-01	7.395526E-03	3.075699E-03
3.017927E-02	1.251516E-01	7.043236E-03	3.085568E-03
3.130743E-02	1.326639E-01	6.753707E-03	3.105456E-03
3.247776E-02	1.214055E-01	6.407656E-03	3.114654E-03
3.369184E-02	1.232622E-01	6.113636E-03	3.131316E-03
3.495131E-02	1.243456E-01	5.892459E-03	3.140244E-03
3.625786E-02	1.223320E-01	5.608299E-03	3.151871E-03
3.761325E-02	1.225684E-01	5.435000E-03	3.147932E-03
3.901930E-02	1.161341E-01	5.180693E-03	3.159714E-03
4.047792E-02	1.271522E-01	5.014656E-03	3.164464E-03
4.199106E-02	1.210364E-01	4.799510E-03	3.169678E-03
4.356077E-02	1.220314E-01	4.634099E-03	3.174136E-03
4.518916E-02	1.182933E-01	4.491821E-03	3.178795E-03
4.687842E-02	1.254660E-01	4.308214E-03	3.187176E-03
4.863082E-02	1.165814E-01	4.130695E-03	3.186295E-03
5.044874E-02	1.228205E-01	4.015744E-03	3.189341E-03
5.233461E-02	1.203077E-01	3.860874E-03	3.194995E-03
5.429098E-02	1.234024E-01	3.751393E-03	3.194103E-03
5.632049E-02	1.168748E-01	3.579847E-03	3.198334E-03
5.842586E-02	1.173555E-01	3.452597E-03	3.203417E-03
6.060993E-02	1.181724E-01	3.326660E-03	3.206921E-03
6.287565E-02	1.166682E-01	3.206481E-03	3.210693E-03
6.522606E-02	1.167356E-01	3.070134E-03	3.216464E-03
6.766434E-02	1.169202E-01	2.945098E-03	3.222094E-03
7.019377E-02	1.156236E-01	2.864115E-03	3.227245E-03
7.281775E-02	1.193803E-01	2.774938E-03	3.233256E-03
7.553982E-02	1.181670E-01	2.682340E-03	3.239144E-03
7.836364E-02	1.191618E-01	2.579779E-03	3.246263E-03
8.129303E-02	1.171020E-01	2.486557E-03	3.252422E-03
8.433192E-02	1.172833E-01	2.403902E-03	3.259130E-03
8.748441E-02	1.157932E-01	2.313816E-03	3.269003E-03
9.075475E-02	1.203833E-01	2.229529E-03	3.280894E-03
9.414734E-02	1.166333E-01	2.139344E-03	3.293805E-03
9.766675E-02	1.159320E-01	2.062401E-03	3.303381E-03
1.013177E-01	1.154650E-01	1.998111E-03	3.312819E-03
1.051052E-01	1.177140E-01	1.929413E-03	3.325461E-03
1.090342E-01	1.156453E-01	1.859209E-03	3.337530E-03
1.131101E-01	1.131544E-01	1.793963E-03	3.349363E-03
1.173384E-01	1.153529E-01	1.729623E-03	3.364571E-03
1.217248E-01	1.141596E-01	1.668710E-03	3.381307E-03
1.262751E-01	1.135136E-01	1.605234E-03	3.406145E-03
1.309955E-01	1.127150E-01	1.545994E-03	3.431864E-03
1.358923E-01	1.118312E-01	1.492935E-03	3.465375E-03
1.409723E-01	1.115206E-01	1.448155E-03	3.498668E-03
1.462421E-01	1.108992E-01	1.402373E-03	3.541975E-03
1.517089E-01	1.114900E-01	1.356702E-03	3.592333E-03
1.573801E-01	1.119491E-01	1.313230E-03	3.653745E-03
1.632632E-01	1.114120E-01	1.278133E-03	3.717191E-03
1.693663E-01	1.115307E-01	1.242242E-03	3.793705E-03
1.756976E-01	1.099824E-01	1.204216E-03	3.885416E-03
1.822655E-01	1.088801E-01	1.170108E-03	3.989310E-03
1.890789E-01	1.096501E-01	1.139578E-03	4.099379E-03
1.961471E-01	1.083336E-01	1.109689E-03	4.226546E-03
2.034795E-01	1.087335E-01	1.078134E-03	4.369168E-03
2.110859E-01	1.080996E-01	1.041750E-03	4.526565E-03
2.189767E-01	1.093442E-01	1.012092E-03	4.691273E-03
2.271625E-01	1.074351E-01	9.883383E-04	4.866825E-03
2.356543E-01	1.069460E-01	9.761970E-04	5.043715E-03
2.444635E-01	1.052473E-01	9.653464E-04	5.226615E-03
2.536020E-01	1.035189E-01	9.668206E-04	5.413340E-03
2.630822E-01	1.030892E-01	9.785166E-04	5.601798E-03
2.729167E-01	1.007857E-01	9.928842E-04	5.798114E-03
2.831188E-01	1.003751E-01	1.016817E-03	6.001414E-03
2.937024E-01	9.777579E-02	1.048307E-03	6.211527E-03
3.046815E-01	9.768319E-02	1.102688E-03	6.419658E-03
3.160711E-01	9.692884E-02	1.177066E-03	6.637453E-03
3.278865E-01	9.606404E-02	1.280191E-03	6.857065E-03
3.401435E-01	9.487534E-02	1.400520E-03	7.093325E-03
3.528588E-01	9.613395E-02	1.591810E-03	7.327876E-03
3.660493E-01	9.479442E-02	1.861612E-03	7.561094E-03
3.797330E-01	9.199228E-02	2.210622E-03	7.816244E-03
3.939281E-01	8.803487E-02	2.686477E-03	8.089194E-03
4.086539E-01	8.237536E-02	3.431218E-03	8.374721E-03
4.239302E-01	9.399027E-02	5.269872E-03	8.647284E-03
4.397775E-01	9.110805E-02	8.823442E-03	8.937106E-03
4.562173E-01	8.644001E-02	2.526533E-02	9.158589E-03
