# I(Q)
#Q (1/A)        I (1/cm)        dI (1/cm)       dQ (1/A)
1.477775E-03	-1.022838E-01	5.447028E+01	5.502358E-04
1.525585E-03	5.771577E+01	3.051454E+01	5.633119E-04
1.574941E-03	4.459583E+00	1.615598E+01	5.609977E-04
1.625894E-03	2.609872E+01	1.049577E+01	5.706340E-04
1.678496E-03	8.115162E+00	8.674648E+00	5.825557E-04
1.732799E-03	2.966032E+01	8.899096E+00	5.876651E-04
1.788859E-03	8.111345E+00	8.208611E+00	5.868438E-04
1.846733E-03	2.787109E+01	8.631944E+00	5.824374E-04
1.906479E-03	3.362367E+01	8.112056E+00	5.827571E-04
1.968158E-03	4.373237E+01	7.487805E+00	5.871752E-04
2.031833E-03	3.268975E+01	6.532777E+00	5.862106E-04
2.097568E-03	3.301080E+01	5.737535E+00	5.861700E-04
2.165429E-03	3.521506E+01	5.470599E+00	5.842634E-04
2.235486E-03	3.083117E+01	5.912835E+00	5.855607E-04
2.307809E-03	3.453673E+01	5.400113E+00	5.857027E-04
2.382472E-03	3.821881E+01	5.260778E+00	5.826326E-04
2.459551E-03	3.397150E+01	4.526716E+00	5.836153E-04
2.539123E-03	3.892639E+01	4.247604E+00	5.809305E-04
2.621270E-03	4.373501E+01	3.605152E+00	5.829841E-04
2.706074E-03	3.570611E+01	3.448705E+00	5.829736E-04
2.793622E-03	3.989677E+01	3.130297E+00	5.850320E-04
2.884002E-03	3.697041E+01	2.956196E+00	5.871450E-04
2.977306E-03	3.374583E+01	2.724281E+00	5.869732E-04
3.073629E-03	3.102507E+01	2.549669E+00	5.877451E-04
3.173069E-03	2.629471E+01	2.551872E+00	5.877190E-04
3.275725E-03	2.966603E+01	2.409728E+00	5.877781E-04
3.381702E-03	2.426086E+01	2.313373E+00	5.873776E-04
3.491108E-03	2.459778E+01	2.209594E+00	5.876121E-04
3.604054E-03	2.126475E+01	2.150124E+00	5.876940E-04
3.720654E-03	1.964557E+01	2.091957E+00	5.876513E-04
3.841026E-03	1.740875E+01	1.989698E+00	5.874089E-04
3.965292E-03	1.531458E+01	1.866197E+00	5.878352E-04
4.093579E-03	1.240935E+01	1.868554E+00	5.874610E-04
4.226015E-03	1.089814E+01	1.781977E+00	5.878558E-04
4.362737E-03	7.964619E+00	1.683246E+00	5.873411E-04
4.503882E-03	7.232552E+00	1.659528E+00	5.876475E-04
4.649593E-03	4.945043E+00	1.593895E+00	5.878115E-04
4.800019E-03	3.168542E+00	1.524931E+00	5.874580E-04
4.955311E-03	3.477604E+00	1.484012E+00	5.877518E-04
5.115627E-03	2.840058E+00	1.438753E+00	5.875597E-04
5.281129E-03	2.067884E+00	1.371241E+00	5.877169E-04
5.451986E-03	1.919654E+00	1.357486E+00	5.876119E-04
5.628371E-03	2.110204E+00	1.307783E+00	5.875221E-04
5.810462E-03	1.918768E+00	1.259041E+00	5.877318E-04
5.998444E-03	1.524058E+00	1.233530E+00	5.875504E-04
6.192508E-03	1.604122E+00	1.176804E+00	5.876541E-04
6.392851E-03	1.534834E+00	1.167344E+00	5.875917E-04
6.599674E-03	1.260795E+00	1.105496E+00	5.877167E-04
6.813190E-03	1.126947E+00	1.095842E+00	5.875931E-04
7.033612E-03	1.121144E+00	1.046003E+00	5.876027E-04
7.261166E-03	8.473714E-01	1.023600E+00	5.875752E-04
7.496082E-03	1.153329E+00	9.785723E-01	5.877154E-04
7.738598E-03	9.878777E-01	9.599539E-01	5.876081E-04
7.988960E-03	1.004686E+00	9.168318E-01	5.876420E-04
8.247422E-03	8.753088E-01	8.991906E-01	5.876646E-04
8.514246E-03	7.293091E-01	8.601705E-01	5.876131E-04
8.789702E-03	9.491907E-01	8.290965E-01	5.875358E-04
9.074070E-03	8.047724E-01	8.032805E-01	5.877170E-04
9.367637E-03	6.422984E-01	7.790341E-01	5.877182E-04
9.670703E-03	7.948780E-01	7.623352E-01	5.875423E-04
9.983573E-03	6.661528E-01	7.428182E-01	5.876191E-04
1.030656E-02	6.941817E-01	7.155544E-01	5.875579E-04
1.064001E-02	7.148330E-01	6.923721E-01	5.877129E-04
1.098424E-02	6.674263E-01	6.749443E-01	5.875745E-04
1.133960E-02	6.311770E-01	6.523312E-01	5.876355E-04
1.170647E-02	6.618439E-01	6.291072E-01	5.876643E-04
1.208520E-02	5.942330E-01	6.129274E-01	5.875939E-04
1.247618E-02	5.078976E-01	5.912490E-01	5.876429E-04
1.287982E-02	5.748924E-01	5.704832E-01	5.879071E-04
1.329651E-02	4.453550E-01	5.534456E-01	5.878904E-04
1.372668E-02	4.146830E-01	5.375084E-01	5.878586E-04
1.417077E-02	5.463399E-01	5.250843E-01	5.875492E-04
1.462923E-02	5.164539E-01	5.087956E-01	5.874361E-04
1.510252E-02	5.101963E-01	4.936407E-01	5.874710E-04
1.559112E-02	4.597329E-01	4.771219E-01	5.875642E-04
1.609553E-02	4.052425E-01	4.619926E-01	5.875282E-04
1.661626E-02	4.126946E-01	4.443185E-01	5.876936E-04
1.715384E-02	5.493688E-01	4.304743E-01	5.881877E-04
1.770880E-02	4.695416E-01	4.183252E-01	5.887387E-04
1.828173E-02	4.767363E-01	4.132484E-01	5.890497E-04
1.887318E-02	4.909366E-01	4.066365E-01	5.888504E-04
1.948378E-02	5.073907E-01	4.005230E-01	5.890832E-04
2.011412E-02	4.372239E-01	3.956983E-01	5.897157E-04
2.076486E-02	4.292328E-01	3.899947E-01	5.909674E-04
2.143665E-02	3.934174E-01	3.915824E-01	5.921242E-04
2.213018E-02	4.072216E-01	3.996518E-01	5.925498E-04
2.284614E-02	4.677586E-01	4.109154E-01	5.925684E-04
2.358527E-02	4.000996E-01	4.198103E-01	5.928556E-04
2.434831E-02	3.871046E-01	4.326975E-01	5.943548E-04
2.513604E-02	3.499636E-01	4.502968E-01	5.963291E-04
2.594925E-02	3.815363E-01	4.812946E-01	5.979301E-04
2.678877E-02	3.796660E-01	5.236199E-01	5.987978E-04
2.765545E-02	3.853946E-01	5.749692E-01	5.999580E-04
2.855017E-02	2.556401E-01	6.373778E-01	6.024630E-04
2.947383E-02	3.578795E-01	7.004813E-01	6.070475E-04
3.042738E-02	2.664347E-01	8.058595E-01	6.133534E-04
3.141178E-02	9.767850E-02	1.032309E+00	6.188113E-04
3.242802E-02	8.754777E-02	1.427109E+00	6.249698E-04
3.347715E-02	2.983463E-01	2.396145E+00	6.314884E-04
3.456021E-02	-9.960842E-02	8.591227E+00	6.371041E-04
