# I(Q)
#Q (1/A)        I (1/cm)        dI (1/cm)       dQ (1/A)
1.477775E-03	1.050379E+03	1.694338E+03	5.502358E-04
1.525585E-03	1.784532E+03	8.276772E+02	5.633119E-04
1.574941E-03	4.534578E+02	4.839295E+02	5.609978E-04
1.625894E-03	1.330164E+03	3.086710E+02	5.706340E-04
1.678496E-03	1.410144E+03	2.872371E+02	5.825557E-04
1.732799E-03	2.322456E+03	2.982814E+02	5.876651E-04
1.788859E-03	2.957994E+03	3.175222E+02	5.868439E-04
1.846733E-03	3.818871E+03	3.175566E+02	5.824374E-04
1.906479E-03	4.484726E+03	3.170400E+02	5.827571E-04
1.968158E-03	5.415885E+03	3.056011E+02	5.871752E-04
2.031833E-03	6.686995E+03	2.977141E+02	5.862106E-04
2.097568E-03	7.055092E+03	2.795747E+02	5.861700E-04
2.165429E-03	7.852100E+03	2.769951E+02	5.842634E-04
2.235486E-03	7.545933E+03	2.676834E+02	5.855607E-04
2.307809E-03	7.623029E+03	2.418947E+02	5.857027E-04
2.382472E-03	6.425485E+03	2.152319E+02	5.826326E-04
2.459551E-03	6.565298E+03	1.983441E+02	5.836153E-04
2.539123E-03	6.294157E+03	1.754304E+02	5.809305E-04
2.621270E-03	6.027498E+03	1.466471E+02	5.829842E-04
2.706074E-03	5.476398E+03	1.354333E+02	5.829736E-04
2.793622E-03	5.045277E+03	1.187069E+02	5.850320E-04
2.884002E-03	4.674428E+03	1.081222E+02	5.871450E-04
2.977306E-03	4.161272E+03	9.831597E+01	5.869732E-04
3.073629E-03	3.886220E+03	9.185329E+01	5.877451E-04
3.173069E-03	3.710451E+03	8.971617E+01	5.877190E-04
3.275725E-03	3.539309E+03	8.413311E+01	5.877782E-04
3.381702E-03	3.257017E+03	7.931455E+01	5.873777E-04
3.491108E-03	3.065005E+03	7.498501E+01	5.876121E-04
3.604054E-03	2.828437E+03	7.226109E+01	5.876940E-04
3.720654E-03	2.786832E+03	7.003362E+01	5.876513E-04
3.841026E-03	2.596693E+03	6.580151E+01	5.874089E-04
3.965292E-03	2.580119E+03	6.269600E+01	5.878352E-04
4.093579E-03	2.353021E+03	6.176931E+01	5.874611E-04
4.226016E-03	2.286480E+03	5.895401E+01	5.878558E-04
4.362737E-03	2.155761E+03	5.563187E+01	5.873411E-04
4.503882E-03	2.178040E+03	5.497825E+01	5.876475E-04
4.649593E-03	2.081192E+03	5.245982E+01	5.878115E-04
4.800019E-03	2.015167E+03	5.008202E+01	5.874580E-04
4.955311E-03	1.927323E+03	4.845877E+01	5.877519E-04
5.115627E-03	1.923141E+03	4.691400E+01	5.875597E-04
5.281129E-03	1.830849E+03	4.434293E+01	5.877169E-04
5.451986E-03	1.771780E+03	4.366495E+01	5.876119E-04
5.628371E-03	1.798856E+03	4.234974E+01	5.875221E-04
5.810462E-03	1.769287E+03	4.070294E+01	5.877318E-04
5.998444E-03	1.716637E+03	3.948858E+01	5.875504E-04
6.192508E-03	1.656680E+03	3.764404E+01	5.876542E-04
6.392851E-03	1.604444E+03	3.706005E+01	5.875918E-04
6.599675E-03	1.556427E+03	3.497713E+01	5.877167E-04
6.813190E-03	1.531182E+03	3.463777E+01	5.875931E-04
7.033612E-03	1.522976E+03	3.305659E+01	5.876027E-04
7.261166E-03	1.487914E+03	3.221544E+01	5.875752E-04
7.496082E-03	1.501137E+03	3.090638E+01	5.877154E-04
7.738598E-03	1.434138E+03	3.009468E+01	5.876081E-04
7.988960E-03	1.446636E+03	2.880574E+01	5.876420E-04
8.247422E-03	1.386184E+03	2.806770E+01	5.876646E-04
8.514246E-03	1.373071E+03	2.687427E+01	5.876131E-04
8.789702E-03	1.350164E+03	2.578952E+01	5.875358E-04
9.074070E-03	1.297438E+03	2.491589E+01	5.877170E-04
9.367637E-03	1.314983E+03	2.423725E+01	5.877182E-04
9.670703E-03	1.251014E+03	2.357918E+01	5.875423E-04
9.983573E-03	1.233194E+03	2.295899E+01	5.876191E-04
1.030657E-02	1.217403E+03	2.207787E+01	5.875579E-04
1.064001E-02	1.189447E+03	2.131257E+01	5.877129E-04
1.098424E-02	1.156066E+03	2.073569E+01	5.875745E-04
1.133960E-02	1.127586E+03	1.996506E+01	5.876355E-04
1.170647E-02	1.086948E+03	1.923248E+01	5.876643E-04
1.208520E-02	1.049005E+03	1.869229E+01	5.875939E-04
1.247618E-02	1.050140E+03	1.802276E+01	5.876429E-04
1.287982E-02	1.017111E+03	1.734694E+01	5.879071E-04
1.329651E-02	9.731426E+02	1.678118E+01	5.878904E-04
1.372668E-02	9.266183E+02	1.625696E+01	5.878586E-04
1.417077E-02	9.074581E+02	1.588451E+01	5.875492E-04
1.462923E-02	8.903335E+02	1.537178E+01	5.874361E-04
1.510252E-02	8.221701E+02	1.484655E+01	5.874710E-04
1.559112E-02	8.043365E+02	1.433581E+01	5.875642E-04
1.609553E-02	7.868543E+02	1.386928E+01	5.875282E-04
1.661626E-02	7.540644E+02	1.330930E+01	5.876936E-04
1.715384E-02	7.142420E+02	1.286510E+01	5.881877E-04
1.770880E-02	6.947564E+02	1.247084E+01	5.887387E-04
1.828173E-02	6.554458E+02	1.230541E+01	5.890497E-04
1.887318E-02	6.215456E+02	1.209015E+01	5.888504E-04
1.948378E-02	6.002983E+02	1.188853E+01	5.890832E-04
2.011412E-02	5.708818E+02	1.171856E+01	5.897157E-04
2.076486E-02	5.362900E+02	1.150802E+01	5.909674E-04
2.143665E-02	5.044415E+02	1.152814E+01	5.921242E-04
2.213018E-02	4.938897E+02	1.176256E+01	5.925498E-04
2.284614E-02	4.508584E+02	1.207204E+01	5.925684E-04
2.358527E-02	4.302307E+02	1.231070E+01	5.928556E-04
2.434831E-02	4.035243E+02	1.264155E+01	5.943548E-04
2.513604E-02	3.871916E+02	1.310585E+01	5.963291E-04
2.594925E-02	3.615883E+02	1.398634E+01	5.979301E-04
2.678877E-02	3.184754E+02	1.516736E+01	5.987978E-04
2.765545E-02	2.947916E+02	1.655940E+01	5.999580E-04
2.855017E-02	2.708031E+02	1.822382E+01	6.024630E-04
2.947383E-02	2.600895E+02	1.976131E+01	6.070476E-04
3.042738E-02	2.412799E+02	2.227329E+01	6.133534E-04
3.141178E-02	2.360717E+02	2.812309E+01	6.188113E-04
3.242802E-02	2.043538E+02	3.840437E+01	6.249698E-04
3.347715E-02	2.093102E+02	6.363928E+01	6.314884E-04
3.456021E-02	1.631890E+02	2.251083E+02	6.371041E-04
