# I(Q)
#Q (1/A)        I (1/cm)        dI (1/cm)       dQ (1/A)
1.477775E-03	1.806769E+01	8.477408E+01	5.502358E-04
1.525585E-03	1.095884E+02	4.497882E+01	5.633119E-04
1.574941E-03	4.465877E+01	2.535316E+01	5.609977E-04
1.625894E-03	5.928794E+01	1.607753E+01	5.706339E-04
1.678496E-03	5.658560E+01	1.361099E+01	5.825557E-04
1.732799E-03	7.480336E+01	1.391751E+01	5.876651E-04
1.788859E-03	5.946838E+01	1.320222E+01	5.868438E-04
1.846733E-03	1.609457E+02	1.550976E+01	5.824374E-04
1.906479E-03	1.510377E+02	1.439820E+01	5.827571E-04
1.968159E-03	2.143174E+02	1.432027E+01	5.871752E-04
2.031833E-03	2.435969E+02	1.329355E+01	5.862106E-04
2.097568E-03	2.821285E+02	1.339632E+01	5.861700E-04
2.165429E-03	3.312035E+02	1.338639E+01	5.842634E-04
2.235486E-03	3.268841E+02	1.299649E+01	5.855607E-04
2.307809E-03	3.394051E+02	1.213505E+01	5.857027E-04
2.382472E-03	3.440278E+02	1.144530E+01	5.826326E-04
2.459551E-03	3.345633E+02	1.020384E+01	5.836153E-04
2.539123E-03	3.320959E+02	9.306748E+00	5.809305E-04
2.621270E-03	3.496939E+02	8.163742E+00	5.829841E-04
2.706074E-03	3.387629E+02	7.576356E+00	5.829736E-04
2.793622E-03	3.323281E+02	6.933905E+00	5.850320E-04
2.884002E-03	3.322583E+02	6.520257E+00	5.871450E-04
2.977306E-03	3.128957E+02	6.042712E+00	5.869732E-04
3.073629E-03	3.104656E+02	5.732172E+00	5.877451E-04
3.173069E-03	2.942191E+02	5.551818E+00	5.877190E-04
3.275725E-03	2.937430E+02	5.241604E+00	5.877781E-04
3.381702E-03	2.912707E+02	5.057813E+00	5.873776E-04
3.491108E-03	2.926259E+02	4.895623E+00	5.876121E-04
3.604054E-03	2.706775E+02	4.614600E+00	5.876940E-04
3.720654E-03	2.593991E+02	4.428143E+00	5.876513E-04
3.841026E-03	2.580490E+02	4.235630E+00	5.874089E-04
3.965292E-03	2.536544E+02	4.051078E+00	5.878352E-04
4.093579E-03	2.397054E+02	3.935238E+00	5.874610E-04
4.226016E-03	2.357408E+02	3.738193E+00	5.878558E-04
4.362737E-03	2.265536E+02	3.531992E+00	5.873411E-04
4.503882E-03	2.230993E+02	3.444914E+00	5.876475E-04
4.649593E-03	2.106431E+02	3.268323E+00	5.878115E-04
4.800019E-03	2.065885E+02	3.133908E+00	5.874579E-04
4.955311E-03	1.990101E+02	2.989507E+00	5.877518E-04
5.115627E-03	1.943895E+02	2.883833E+00	5.875597E-04
5.281129E-03	1.864205E+02	2.735233E+00	5.877169E-04
5.451986E-03	1.835395E+02	2.674673E+00	5.876119E-04
5.628371E-03	1.724916E+02	2.539854E+00	5.875221E-04
5.810462E-03	1.691415E+02	2.430645E+00	5.877318E-04
5.998444E-03	1.634767E+02	2.343325E+00	5.875504E-04
6.192508E-03	1.536490E+02	2.217727E+00	5.876541E-04
6.392851E-03	1.454647E+02	2.154178E+00	5.875917E-04
6.599674E-03	1.410754E+02	2.032073E+00	5.877167E-04
6.813190E-03	1.325449E+02	1.987076E+00	5.875931E-04
7.033612E-03	1.257975E+02	1.872500E+00	5.876027E-04
7.261166E-03	1.202194E+02	1.802690E+00	5.875752E-04
7.496082E-03	1.126816E+02	1.711707E+00	5.877154E-04
7.738598E-03	1.074166E+02	1.661353E+00	5.876081E-04
7.988960E-03	9.861978E+01	1.569554E+00	5.876420E-04
8.247422E-03	9.476549E+01	1.525816E+00	5.876646E-04
8.514246E-03	8.963152E+01	1.452684E+00	5.876131E-04
8.789702E-03	8.070999E+01	1.379216E+00	5.875358E-04
9.074070E-03	7.645811E+01	1.329809E+00	5.877170E-04
9.367637E-03	7.264985E+01	1.281284E+00	5.877182E-04
9.670703E-03	6.740571E+01	1.244758E+00	5.875423E-04
9.983573E-03	6.071139E+01	1.200527E+00	5.876191E-04
1.030656E-02	5.664599E+01	1.151776E+00	5.875579E-04
1.064001E-02	5.426445E+01	1.109362E+00	5.877129E-04
1.098424E-02	4.855683E+01	1.072717E+00	5.875745E-04
1.133960E-02	4.717176E+01	1.036631E+00	5.876355E-04
1.170647E-02	4.323836E+01	9.959653E-01	5.876643E-04
1.208520E-02	4.125693E+01	9.684807E-01	5.875939E-04
1.247618E-02	3.721462E+01	9.296452E-01	5.876429E-04
1.287982E-02	3.527094E+01	8.956219E-01	5.879071E-04
1.329651E-02	3.241868E+01	8.667622E-01	5.878904E-04
1.372668E-02	3.032099E+01	8.402395E-01	5.878586E-04
1.417077E-02	2.817654E+01	8.196173E-01	5.875492E-04
1.462923E-02	2.624030E+01	7.921201E-01	5.874361E-04
1.510252E-02	2.481151E+01	7.677781E-01	5.874710E-04
1.559112E-02	2.363534E+01	7.421034E-01	5.875642E-04
1.609553E-02	2.157021E+01	7.174968E-01	5.875282E-04
1.661626E-02	2.043729E+01	6.891245E-01	5.876936E-04
1.715384E-02	1.888300E+01	6.670994E-01	5.881877E-04
1.770880E-02	1.754016E+01	6.481387E-01	5.887387E-04
1.828173E-02	1.627555E+01	6.396977E-01	5.890497E-04
1.887318E-02	1.538183E+01	6.290477E-01	5.888504E-04
1.948378E-02	1.405785E+01	6.191622E-01	5.890832E-04
2.011412E-02	1.316091E+01	6.114088E-01	5.897157E-04
2.076486E-02	1.209405E+01	6.018214E-01	5.909674E-04
2.143665E-02	1.166370E+01	6.042407E-01	5.921242E-04
2.213018E-02	1.116917E+01	6.164730E-01	5.925498E-04
2.284614E-02	9.983849E+00	6.334270E-01	5.925684E-04
2.358527E-02	9.596891E+00	6.470304E-01	5.928556E-04
2.434831E-02	9.153942E+00	6.662157E-01	5.943548E-04
2.513604E-02	8.319155E+00	6.927007E-01	5.963291E-04
2.594925E-02	7.691354E+00	7.399913E-01	5.979301E-04
2.678877E-02	6.985086E+00	8.045434E-01	5.987978E-04
2.765545E-02	6.789302E+00	8.823131E-01	5.999580E-04
2.855017E-02	6.066643E+00	9.762899E-01	6.024630E-04
2.947383E-02	5.901670E+00	1.069016E+00	6.070475E-04
3.042738E-02	5.370937E+00	1.225170E+00	6.133534E-04
3.141178E-02	4.368893E+00	1.563831E+00	6.188113E-04
3.242802E-02	3.588331E+00	2.155583E+00	6.249698E-04
3.347715E-02	4.436844E+00	3.603121E+00	6.314884E-04
3.456021E-02	4.382316E+00	1.289064E+01	6.371041E-04
