# I(Q)
#Q (1/A)        I (1/cm)        dI (1/cm)       dQ (1/A)
1.205690E-02	4.681542E+01	3.286414E+00	2.419573E-03
1.250762E-02	4.720118E+01	9.838995E-01	2.435229E-03
1.297518E-02	4.801608E+01	6.089412E-01	2.478649E-03
1.346022E-02	4.369893E+01	4.539767E-01	2.525527E-03
1.396339E-02	3.882434E+01	3.363432E-01	2.556883E-03
1.448537E-02	3.549536E+01	2.806275E-01	2.590615E-03
1.502686E-02	3.213127E+01	2.271959E-01	2.607911E-03
1.558860E-02	2.928299E+01	1.899136E-01	2.653117E-03
1.617133E-02	2.677268E+01	1.537955E-01	2.669881E-03
1.677585E-02	2.404265E+01	1.292846E-01	2.699393E-03
1.740297E-02	2.195214E+01	1.107183E-01	2.718473E-03
1.805353E-02	1.982468E+01	9.780961E-02	2.744093E-03
1.872840E-02	1.807069E+01	8.254038E-02	2.789397E-03
1.942851E-02	1.640569E+01	7.521853E-02	2.798571E-03
2.015479E-02	1.497207E+01	6.392645E-02	2.841713E-03
2.090822E-02	1.357250E+01	5.772328E-02	2.858891E-03
2.168981E-02	1.233348E+01	4.980306E-02	2.889232E-03
2.250062E-02	1.108720E+01	4.479850E-02	2.904607E-03
2.334174E-02	1.009856E+01	3.929829E-02	2.939561E-03
2.421431E-02	9.109661E+00	3.496175E-02	2.962715E-03
2.511949E-02	8.158867E+00	3.147391E-02	2.994592E-03
2.605851E-02	7.434236E+00	2.805523E-02	3.018877E-03
2.703263E-02	6.653399E+00	2.510644E-02	3.042688E-03
2.804316E-02	6.070460E+00	2.305780E-02	3.054911E-03
2.909148E-02	5.516477E+00	2.083817E-02	3.075732E-03
3.017898E-02	4.977941E+00	1.886068E-02	3.085530E-03
3.130713E-02	4.509516E+00	1.714842E-02	3.105930E-03
3.247746E-02	4.089061E+00	1.558830E-02	3.114206E-03
3.369153E-02	3.681652E+00	1.413648E-02	3.131116E-03
3.495099E-02	3.370960E+00	1.305022E-02	3.140518E-03
3.625753E-02	3.064247E+00	1.190381E-02	3.151005E-03
3.761291E-02	2.831639E+00	1.103053E-02	3.148646E-03
3.901896E-02	2.591652E+00	1.006756E-02	3.159714E-03
4.047757E-02	2.378158E+00	9.303159E-03	3.164464E-03
4.199071E-02	2.224873E+00	8.670159E-03	3.169373E-03
4.356041E-02	2.049698E+00	7.997591E-03	3.174419E-03
4.518879E-02	1.933764E+00	7.522481E-03	3.178563E-03
4.687804E-02	1.832823E+00	7.011689E-03	3.187387E-03
4.863044E-02	1.730770E+00	6.576556E-03	3.186079E-03
5.044835E-02	1.645729E+00	6.186239E-03	3.189542E-03
5.233421E-02	1.590893E+00	5.848311E-03	3.194815E-03
5.429058E-02	1.523685E+00	5.525945E-03	3.194387E-03
5.632007E-02	1.475029E+00	5.241019E-03	3.198021E-03
5.842543E-02	1.442211E+00	4.985009E-03	3.203607E-03
6.060950E-02	1.401134E+00	4.736290E-03	3.207070E-03
6.287521E-02	1.379448E+00	4.539234E-03	3.210557E-03
6.522562E-02	1.356332E+00	4.323799E-03	3.216124E-03
6.766389E-02	1.333645E+00	4.123627E-03	3.222331E-03
7.019330E-02	1.322217E+00	3.980175E-03	3.227201E-03
7.281728E-02	1.299453E+00	3.786593E-03	3.233284E-03
7.553934E-02	1.284542E+00	3.638838E-03	3.239166E-03
7.836316E-02	1.268094E+00	3.473569E-03	3.246318E-03
8.129254E-02	1.257082E+00	3.338812E-03	3.252444E-03
8.433142E-02	1.244191E+00	3.205939E-03	3.259032E-03
8.748391E-02	1.238435E+00	3.088001E-03	3.269137E-03
9.075424E-02	1.230319E+00	2.959621E-03	3.280855E-03
9.414682E-02	1.214997E+00	2.829307E-03	3.293723E-03
9.766623E-02	1.208534E+00	2.727092E-03	3.303384E-03
1.013172E-01	1.192820E+00	2.612807E-03	3.312849E-03
1.051046E-01	1.189245E+00	2.514859E-03	3.325515E-03
1.090337E-01	1.181282E+00	2.417467E-03	3.337518E-03
1.131096E-01	1.170939E+00	2.323501E-03	3.349443E-03
1.173379E-01	1.165334E+00	2.231574E-03	3.364454E-03
1.217242E-01	1.163899E+00	2.152383E-03	3.381416E-03
1.262745E-01	1.166334E+00	2.081024E-03	3.406145E-03
1.309949E-01	1.163523E+00	2.011603E-03	3.431860E-03
1.358918E-01	1.166379E+00	1.949601E-03	3.465416E-03
1.409717E-01	1.164050E+00	1.891991E-03	3.498619E-03
1.462415E-01	1.161491E+00	1.839047E-03	3.541996E-03
1.517083E-01	1.162524E+00	1.794074E-03	3.592390E-03
1.573795E-01	1.162786E+00	1.753881E-03	3.653699E-03
1.632627E-01	1.163027E+00	1.721066E-03	3.717215E-03
1.693658E-01	1.160312E+00	1.692158E-03	3.793674E-03
1.756970E-01	1.162731E+00	1.673132E-03	3.885499E-03
1.822649E-01	1.154735E+00	1.653978E-03	3.989272E-03
1.890784E-01	1.153658E+00	1.640736E-03	4.099380E-03
1.961465E-01	1.148228E+00	1.630524E-03	4.226533E-03
2.034789E-01	1.139387E+00	1.621424E-03	4.369083E-03
2.110853E-01	1.126038E+00	1.610690E-03	4.526584E-03
2.189762E-01	1.114660E+00	1.606898E-03	4.691299E-03
2.271619E-01	1.096604E+00	1.600977E-03	4.866832E-03
2.356537E-01	1.077365E+00	1.606273E-03	5.043793E-03
2.444630E-01	1.058844E+00	1.613157E-03	5.226509E-03
2.536015E-01	1.040074E+00	1.633917E-03	5.413317E-03
2.630817E-01	1.018489E+00	1.660150E-03	5.601780E-03
2.729162E-01	1.001776E+00	1.706018E-03	5.798133E-03
2.831184E-01	9.850505E-01	1.758433E-03	6.001406E-03
2.937019E-01	9.682494E-01	1.830292E-03	6.211492E-03
3.046811E-01	9.548312E-01	1.938142E-03	6.419658E-03
3.160707E-01	9.414369E-01	2.074089E-03	6.637453E-03
3.278861E-01	9.284653E-01	2.261804E-03	6.857066E-03
3.401432E-01	9.237611E-01	2.496120E-03	7.093326E-03
3.528585E-01	9.185182E-01	2.840872E-03	7.327877E-03
3.660491E-01	9.082145E-01	3.339117E-03	7.561094E-03
3.797327E-01	8.981070E-01	3.979793E-03	7.816245E-03
3.939279E-01	8.967536E-01	4.905063E-03	8.089195E-03
4.086538E-01	8.964932E-01	6.423462E-03	8.374722E-03
4.239301E-01	8.783958E-01	9.393056E-03	8.647284E-03
4.397775E-01	8.777684E-01	1.623200E-02	8.937107E-03
4.562173E-01	8.363914E-01	4.777110E-02	9.158590E-03
