# I(Q)
#Q (1/A)        I (1/cm)        dI (1/cm)       dQ (1/A)
1.477775E-03	-1.962731E-01	9.290667E+01	5.502358E-04
1.525585E-03	4.851026E+01	4.392556E+01	5.633119E-04
1.574941E-03	1.667355E+01	2.732382E+01	5.609977E-04
1.625894E-03	4.529806E+01	1.723277E+01	5.706339E-04
1.678496E-03	1.234197E+01	1.454316E+01	5.825557E-04
1.732799E-03	4.578534E+01	1.486237E+01	5.876651E-04
1.788859E-03	4.711745E+01	1.428070E+01	5.868438E-04
1.846733E-03	7.845754E+01	1.460425E+01	5.824374E-04
1.906479E-03	8.907204E+01	1.376590E+01	5.827571E-04
1.968159E-03	1.090009E+02	1.283540E+01	5.871752E-04
2.031833E-03	1.325376E+02	1.211235E+01	5.862106E-04
2.097568E-03	1.424695E+02	1.102201E+01	5.861700E-04
2.165429E-03	1.556589E+02	1.080470E+01	5.842634E-04
2.235486E-03	1.521954E+02	1.100783E+01	5.855607E-04
2.307809E-03	1.576887E+02	1.019080E+01	5.857027E-04
2.382472E-03	1.623155E+02	9.720236E+00	5.826326E-04
2.459551E-03	1.533782E+02	8.543392E+00	5.836153E-04
2.539123E-03	1.625410E+02	7.879865E+00	5.809305E-04
2.621270E-03	1.666048E+02	6.634009E+00	5.829841E-04
2.706074E-03	1.575212E+02	6.430096E+00	5.829736E-04
2.793622E-03	1.683035E+02	5.949202E+00	5.850320E-04
2.884002E-03	1.504221E+02	5.420872E+00	5.871450E-04
2.977306E-03	1.481866E+02	5.013303E+00	5.869732E-04
3.073629E-03	1.425102E+02	4.727491E+00	5.877451E-04
3.173069E-03	1.339669E+02	4.693194E+00	5.877190E-04
3.275725E-03	1.365084E+02	4.431312E+00	5.877781E-04
3.381702E-03	1.283010E+02	4.233939E+00	5.873776E-04
3.491108E-03	1.215808E+02	4.030324E+00	5.876121E-04
3.604054E-03	1.132234E+02	3.872652E+00	5.876940E-04
3.720654E-03	1.132528E+02	3.789544E+00	5.876513E-04
3.841026E-03	1.146732E+02	3.651744E+00	5.874089E-04
3.965292E-03	1.076315E+02	3.434791E+00	5.878352E-04
4.093579E-03	1.025588E+02	3.386126E+00	5.874610E-04
4.226016E-03	9.689028E+01	3.231766E+00	5.878558E-04
4.362737E-03	9.317857E+01	3.054716E+00	5.873411E-04
4.503882E-03	8.991444E+01	2.995365E+00	5.876475E-04
4.649593E-03	8.725149E+01	2.879124E+00	5.878115E-04
4.800019E-03	8.054363E+01	2.741574E+00	5.874579E-04
4.955311E-03	8.331569E+01	2.674123E+00	5.877518E-04
5.115627E-03	8.053404E+01	2.588552E+00	5.875597E-04
5.281129E-03	7.482025E+01	2.456031E+00	5.877169E-04
5.451986E-03	7.112643E+01	2.419533E+00	5.876119E-04
5.628371E-03	7.528639E+01	2.334531E+00	5.875221E-04
5.810462E-03	6.830701E+01	2.230096E+00	5.877318E-04
5.998444E-03	6.539910E+01	2.178240E+00	5.875504E-04
6.192508E-03	6.162909E+01	2.070629E+00	5.876541E-04
6.392851E-03	5.826401E+01	2.047213E+00	5.875917E-04
6.599674E-03	5.751584E+01	1.927796E+00	5.877167E-04
6.813190E-03	5.265787E+01	1.907596E+00	5.875931E-04
7.033612E-03	5.021002E+01	1.816394E+00	5.876027E-04
7.261166E-03	4.925646E+01	1.775860E+00	5.875752E-04
7.496082E-03	4.445310E+01	1.687422E+00	5.877154E-04
7.738598E-03	4.460507E+01	1.657697E+00	5.876081E-04
7.988960E-03	4.090893E+01	1.576037E+00	5.876420E-04
8.247422E-03	3.834385E+01	1.540866E+00	5.876646E-04
8.514246E-03	3.783587E+01	1.477579E+00	5.876131E-04
8.789702E-03	3.387584E+01	1.417201E+00	5.875358E-04
9.074070E-03	3.330314E+01	1.373699E+00	5.877170E-04
9.367637E-03	3.102140E+01	1.329271E+00	5.877182E-04
9.670703E-03	2.802605E+01	1.298144E+00	5.875423E-04
9.983573E-03	2.706576E+01	1.264915E+00	5.876191E-04
1.030656E-02	2.560468E+01	1.215983E+00	5.875579E-04
1.064001E-02	2.342591E+01	1.175108E+00	5.877129E-04
1.098424E-02	2.185620E+01	1.145041E+00	5.875745E-04
1.133960E-02	2.065520E+01	1.106421E+00	5.876355E-04
1.170647E-02	1.994463E+01	1.066122E+00	5.876643E-04
1.208520E-02	1.859799E+01	1.038670E+00	5.875939E-04
1.247618E-02	1.731218E+01	1.000503E+00	5.876429E-04
1.287982E-02	1.739500E+01	9.652389E-01	5.879071E-04
1.329651E-02	1.468627E+01	9.358408E-01	5.878904E-04
1.372668E-02	1.478391E+01	9.085146E-01	5.878586E-04
1.417077E-02	1.394348E+01	8.877189E-01	5.875492E-04
1.462923E-02	1.357957E+01	8.601438E-01	5.874361E-04
1.510252E-02	1.283265E+01	8.341149E-01	5.874710E-04
1.559112E-02	1.187896E+01	8.057462E-01	5.875642E-04
1.609553E-02	1.141058E+01	7.801567E-01	5.875282E-04
1.661626E-02	1.061401E+01	7.500834E-01	5.876936E-04
1.715384E-02	1.038694E+01	7.265975E-01	5.881877E-04
1.770880E-02	1.008773E+01	7.058444E-01	5.887387E-04
1.828173E-02	9.326583E+00	6.973748E-01	5.890497E-04
1.887318E-02	9.209660E+00	6.862207E-01	5.888504E-04
1.948378E-02	8.776268E+00	6.756300E-01	5.890832E-04
2.011412E-02	8.141712E+00	6.671897E-01	5.897157E-04
2.076486E-02	7.927502E+00	6.569739E-01	5.909674E-04
2.143665E-02	7.902913E+00	6.593717E-01	5.921242E-04
2.213018E-02	7.117738E+00	6.728449E-01	5.925498E-04
2.284614E-02	7.069447E+00	6.917525E-01	5.925684E-04
2.358527E-02	6.993615E+00	7.064698E-01	5.928556E-04
2.434831E-02	6.388574E+00	7.274242E-01	5.943548E-04
2.513604E-02	6.146158E+00	7.560514E-01	5.963291E-04
2.594925E-02	6.053046E+00	8.077131E-01	5.979301E-04
2.678877E-02	6.069172E+00	8.782915E-01	5.987978E-04
2.765545E-02	5.400130E+00	9.627859E-01	5.999580E-04
2.855017E-02	5.441591E+00	1.065159E+00	6.024630E-04
2.947383E-02	4.626245E+00	1.165211E+00	6.070475E-04
3.042738E-02	4.119626E+00	1.332151E+00	6.133534E-04
3.141178E-02	3.631862E+00	1.698210E+00	6.188113E-04
3.242802E-02	4.078277E+00	2.336569E+00	6.249698E-04
3.347715E-02	3.901008E+00	3.911670E+00	6.314884E-04
3.456021E-02	2.956485E+00	1.395565E+01	6.371041E-04
