# I(Q)
#Q (1/A)        I (1/cm)        dI (1/cm)       dQ (1/A)
1.477775E-03	-1.940500E-01	1.180973E+02	5.502358E-04
1.525585E-03	3.523236E+01	5.353765E+01	5.633119E-04
1.574941E-03	2.129409E+01	3.473180E+01	5.609977E-04
1.625894E-03	4.651561E+01	2.144236E+01	5.706339E-04
1.678496E-03	1.387077E+01	1.838863E+01	5.825557E-04
1.732799E-03	5.182963E+01	1.857960E+01	5.876651E-04
1.788859E-03	4.326483E+01	1.776265E+01	5.868438E-04
1.846733E-03	7.331201E+01	1.781775E+01	5.824374E-04
1.906479E-03	8.241062E+01	1.692873E+01	5.827571E-04
1.968158E-03	1.113509E+02	1.574210E+01	5.871752E-04
2.031833E-03	1.266809E+02	1.445041E+01	5.862106E-04
2.097568E-03	1.437814E+02	1.343002E+01	5.861700E-04
2.165429E-03	1.510014E+02	1.284177E+01	5.842634E-04
2.235486E-03	1.501463E+02	1.341849E+01	5.855607E-04
2.307809E-03	1.536329E+02	1.227802E+01	5.857027E-04
2.382472E-03	1.680271E+02	1.173345E+01	5.826326E-04
2.459551E-03	1.566477E+02	1.025903E+01	5.836153E-04
2.539123E-03	1.640675E+02	9.530325E+00	5.809305E-04
2.621270E-03	1.666970E+02	7.970577E+00	5.829841E-04
2.706074E-03	1.559240E+02	7.780927E+00	5.829736E-04
2.793622E-03	1.651874E+02	7.146910E+00	5.850320E-04
2.884002E-03	1.516559E+02	6.581994E+00	5.871450E-04
2.977306E-03	1.492806E+02	6.105127E+00	5.869732E-04
3.073629E-03	1.427166E+02	5.729286E+00	5.877451E-04
3.173069E-03	1.301350E+02	5.669450E+00	5.877190E-04
3.275725E-03	1.360961E+02	5.358408E+00	5.877781E-04
3.381702E-03	1.294178E+02	5.167050E+00	5.873776E-04
3.491108E-03	1.224360E+02	4.931277E+00	5.876121E-04
3.604054E-03	1.134014E+02	4.765853E+00	5.876940E-04
3.720654E-03	1.133896E+02	4.623942E+00	5.876513E-04
3.841026E-03	1.165622E+02	4.472867E+00	5.874089E-04
3.965292E-03	1.104364E+02	4.211967E+00	5.878352E-04
4.093579E-03	1.049137E+02	4.189843E+00	5.874610E-04
4.226016E-03	9.568043E+01	3.985769E+00	5.878558E-04
4.362737E-03	9.167131E+01	3.764993E+00	5.873411E-04
4.503882E-03	8.997405E+01	3.707836E+00	5.876475E-04
4.649593E-03	8.849009E+01	3.568951E+00	5.878115E-04
4.800019E-03	8.044522E+01	3.408812E+00	5.874579E-04
4.955311E-03	8.206543E+01	3.319610E+00	5.877518E-04
5.115627E-03	8.021852E+01	3.217058E+00	5.875597E-04
5.281129E-03	7.645884E+01	3.064098E+00	5.877169E-04
5.451986E-03	7.226510E+01	3.018384E+00	5.876119E-04
5.628371E-03	7.614665E+01	2.913796E+00	5.875221E-04
5.810462E-03	6.912006E+01	2.789686E+00	5.877318E-04
5.998444E-03	6.439785E+01	2.721715E+00	5.875504E-04
6.192508E-03	6.238996E+01	2.594399E+00	5.876541E-04
6.392851E-03	5.771872E+01	2.565283E+00	5.875917E-04
6.599674E-03	5.783829E+01	2.422818E+00	5.877167E-04
6.813190E-03	5.162427E+01	2.397496E+00	5.875931E-04
7.033612E-03	4.959219E+01	2.282265E+00	5.876027E-04
7.261166E-03	4.940153E+01	2.231876E+00	5.875752E-04
7.496082E-03	4.436407E+01	2.125939E+00	5.877154E-04
7.738598E-03	4.479901E+01	2.089187E+00	5.876081E-04
7.988960E-03	4.067976E+01	1.988802E+00	5.876420E-04
8.247422E-03	3.794708E+01	1.946939E+00	5.876646E-04
8.514246E-03	3.740387E+01	1.865084E+00	5.876131E-04
8.789702E-03	3.455366E+01	1.791327E+00	5.875358E-04
9.074070E-03	3.338844E+01	1.737254E+00	5.877170E-04
9.367637E-03	3.089197E+01	1.682026E+00	5.877182E-04
9.670703E-03	2.799930E+01	1.643658E+00	5.875423E-04
9.983573E-03	2.724717E+01	1.601805E+00	5.876191E-04
1.030656E-02	2.544382E+01	1.541407E+00	5.875579E-04
1.064001E-02	2.303263E+01	1.489961E+00	5.877129E-04
1.098424E-02	2.155147E+01	1.451301E+00	5.875745E-04
1.133960E-02	2.071020E+01	1.402954E+00	5.876355E-04
1.170647E-02	1.996162E+01	1.352514E+00	5.876643E-04
1.208520E-02	1.868159E+01	1.317858E+00	5.875939E-04
1.247618E-02	1.720077E+01	1.269946E+00	5.876429E-04
1.287982E-02	1.724413E+01	1.225109E+00	5.879071E-04
1.329651E-02	1.460412E+01	1.188181E+00	5.878904E-04
1.372668E-02	1.508554E+01	1.153559E+00	5.878586E-04
1.417077E-02	1.404876E+01	1.127243E+00	5.875492E-04
1.462923E-02	1.360647E+01	1.092402E+00	5.874361E-04
1.510252E-02	1.261740E+01	1.059299E+00	5.874710E-04
1.559112E-02	1.187281E+01	1.023716E+00	5.875642E-04
1.609553E-02	1.139379E+01	9.910555E-01	5.875282E-04
1.661626E-02	1.065916E+01	9.529086E-01	5.876936E-04
1.715384E-02	1.052484E+01	9.230067E-01	5.881877E-04
1.770880E-02	1.000266E+01	8.968123E-01	5.887387E-04
1.828173E-02	9.463980E+00	8.860197E-01	5.890497E-04
1.887318E-02	9.205715E+00	8.718075E-01	5.888504E-04
1.948378E-02	8.704636E+00	8.583374E-01	5.890832E-04
2.011412E-02	8.137935E+00	8.476430E-01	5.897157E-04
2.076486E-02	8.108904E+00	8.347945E-01	5.909674E-04
2.143665E-02	7.986324E+00	8.378312E-01	5.921242E-04
2.213018E-02	7.210849E+00	8.549646E-01	5.925498E-04
2.284614E-02	7.090174E+00	8.790504E-01	5.925684E-04
2.358527E-02	6.980944E+00	8.976875E-01	5.928556E-04
2.434831E-02	6.287304E+00	9.241618E-01	5.943548E-04
2.513604E-02	6.274897E+00	9.607861E-01	5.963291E-04
2.594925E-02	6.055973E+00	1.026444E+00	5.979301E-04
2.678877E-02	5.986573E+00	1.116130E+00	5.987978E-04
2.765545E-02	5.435176E+00	1.223413E+00	5.999580E-04
2.855017E-02	5.609941E+00	1.353761E+00	6.024630E-04
2.947383E-02	4.658971E+00	1.480630E+00	6.070475E-04
3.042738E-02	4.147465E+00	1.692779E+00	6.133534E-04
3.141178E-02	3.685378E+00	2.158220E+00	6.188113E-04
3.242802E-02	4.217600E+00	2.968567E+00	6.249698E-04
3.347715E-02	2.959597E+00	4.962711E+00	6.314884E-04
3.456021E-02	3.809563E+00	1.773890E+01	6.371041E-04
