# I(Q)
#Q (1/A)        I (1/cm)        dI (1/cm)       dQ (1/A)
1.205675E-02	1.090427E+02	4.601752E+00	2.419544E-03
1.250746E-02	1.111109E+02	1.397539E+00	2.435207E-03
1.297502E-02	1.079600E+02	8.391029E-01	2.478643E-03
1.346005E-02	9.663647E+01	6.203211E-01	2.525520E-03
1.396322E-02	8.746884E+01	4.647180E-01	2.556878E-03
1.448519E-02	8.053740E+01	3.889138E-01	2.590611E-03
1.502668E-02	7.238953E+01	3.134072E-01	2.607907E-03
1.558841E-02	6.584943E+01	2.621937E-01	2.653114E-03
1.617114E-02	5.877479E+01	2.094242E-01	2.669878E-03
1.677566E-02	5.364103E+01	1.777606E-01	2.699391E-03
1.740277E-02	4.811065E+01	1.513663E-01	2.719064E-03
1.805332E-02	4.346922E+01	1.328019E-01	2.743504E-03
1.872820E-02	3.888178E+01	1.118101E-01	2.788432E-03
1.942830E-02	3.545150E+01	1.015293E-01	2.799396E-03
2.015457E-02	3.206485E+01	8.617682E-02	2.842350E-03
2.090799E-02	2.897091E+01	7.774776E-02	2.858290E-03
2.168958E-02	2.592424E+01	6.653789E-02	2.889232E-03
2.250039E-02	2.304542E+01	5.932597E-02	2.904584E-03
2.334150E-02	2.073985E+01	5.185904E-02	2.939560E-03
2.421406E-02	1.844795E+01	4.581522E-02	2.962713E-03
2.511923E-02	1.640914E+01	4.110563E-02	2.994995E-03
2.605824E-02	1.475241E+01	3.641118E-02	3.018499E-03
2.703236E-02	1.297605E+01	3.234099E-02	3.042687E-03
2.804289E-02	1.146110E+01	2.916204E-02	3.054910E-03
2.909120E-02	1.014643E+01	2.598634E-02	3.075080E-03
3.017869E-02	9.014762E+00	2.336762E-02	3.086120E-03
3.130684E-02	7.898671E+00	2.092682E-02	3.105859E-03
3.247716E-02	6.942478E+00	1.873348E-02	3.114481E-03
3.369122E-02	6.073247E+00	1.672250E-02	3.130910E-03
3.495068E-02	5.303848E+00	1.509164E-02	3.140536E-03
3.625721E-02	4.644631E+00	1.351274E-02	3.150983E-03
3.761259E-02	4.038034E+00	1.212349E-02	3.148795E-03
3.901863E-02	3.514880E+00	1.083270E-02	3.159573E-03
4.047723E-02	3.057517E+00	9.749088E-03	3.164483E-03
4.199036E-02	2.665140E+00	8.731130E-03	3.169354E-03
4.356005E-02	2.315763E+00	7.855230E-03	3.174115E-03
4.518843E-02	2.022804E+00	7.088404E-03	3.179046E-03
4.687767E-02	1.773832E+00	6.361239E-03	3.187286E-03
4.863006E-02	1.559339E+00	5.757786E-03	3.185999E-03
5.044796E-02	1.373669E+00	5.223307E-03	3.189635E-03
5.233382E-02	1.218590E+00	4.715992E-03	3.194829E-03
5.429017E-02	1.094652E+00	4.335420E-03	3.194296E-03
5.631966E-02	9.807591E-01	3.935522E-03	3.197682E-03
5.842501E-02	9.023355E-01	3.648039E-03	3.204052E-03
6.060907E-02	8.270442E-01	3.361690E-03	3.206948E-03
6.287477E-02	7.694404E-01	3.138351E-03	3.210536E-03
6.522517E-02	7.101878E-01	2.890214E-03	3.216147E-03
6.766343E-02	6.712737E-01	2.701357E-03	3.222292E-03
7.019284E-02	6.243826E-01	2.523516E-03	3.227215E-03
7.281681E-02	5.982294E-01	2.383586E-03	3.233336E-03
7.553886E-02	5.662860E-01	2.235928E-03	3.239194E-03
7.836267E-02	5.360002E-01	2.094097E-03	3.246258E-03
8.129205E-02	5.092392E-01	1.968746E-03	3.252462E-03
8.433092E-02	4.857229E-01	1.856960E-03	3.259082E-03
8.748340E-02	4.645851E-01	1.755398E-03	3.269092E-03
9.075373E-02	4.405435E-01	1.645481E-03	3.280772E-03
9.414630E-02	4.176890E-01	1.545616E-03	3.293889E-03
9.766570E-02	3.986081E-01	1.456463E-03	3.303354E-03
1.013167E-01	3.821774E-01	1.382311E-03	3.312789E-03
1.051041E-01	3.657921E-01	1.303615E-03	3.325549E-03
1.090331E-01	3.500402E-01	1.234849E-03	3.337395E-03
1.131090E-01	3.383006E-01	1.172612E-03	3.349511E-03
1.173373E-01	3.324842E-01	1.120113E-03	3.364539E-03
1.217236E-01	3.256579E-01	1.071712E-03	3.381306E-03
1.262739E-01	3.218352E-01	1.028626E-03	3.406254E-03
1.309943E-01	3.165215E-01	9.884498E-04	3.431896E-03
1.358912E-01	3.154696E-01	9.537290E-04	3.465395E-03
1.409711E-01	3.164592E-01	9.296927E-04	3.498562E-03
1.462409E-01	3.144097E-01	8.996250E-04	3.542103E-03
1.517077E-01	3.156377E-01	8.789474E-04	3.592390E-03
1.573789E-01	3.158094E-01	8.585772E-04	3.653721E-03
1.632621E-01	3.142647E-01	8.397548E-04	3.717208E-03
1.693652E-01	3.167486E-01	8.285567E-04	3.793624E-03
1.756964E-01	3.153650E-01	8.136342E-04	3.885543E-03
1.822643E-01	3.140445E-01	8.047295E-04	3.989231E-03
1.890778E-01	3.142349E-01	7.991766E-04	4.099462E-03
1.961459E-01	3.129704E-01	7.936564E-04	4.226483E-03
2.034783E-01	3.101553E-01	7.870282E-04	4.369097E-03
2.110848E-01	3.064414E-01	7.815521E-04	4.526531E-03
2.189756E-01	3.042536E-01	7.800082E-04	4.691286E-03
2.271614E-01	3.002895E-01	7.785491E-04	4.866838E-03
2.356532E-01	2.949921E-01	7.817975E-04	5.043804E-03
2.444624E-01	2.890221E-01	7.843031E-04	5.226469E-03
2.536010E-01	2.834414E-01	7.957260E-04	5.413316E-03
2.630812E-01	2.791905E-01	8.109508E-04	5.601732E-03
2.729157E-01	2.720662E-01	8.280133E-04	5.798177E-03
2.831179E-01	2.669295E-01	8.529442E-04	6.001406E-03
2.937015E-01	2.614516E-01	8.886628E-04	6.211504E-03
3.046807E-01	2.582900E-01	9.407435E-04	6.419627E-03
3.160704E-01	2.543891E-01	1.007789E-03	6.637453E-03
3.278858E-01	2.504863E-01	1.097926E-03	6.857066E-03
3.401429E-01	2.477618E-01	1.211330E-03	7.093326E-03
3.528582E-01	2.448837E-01	1.370776E-03	7.327877E-03
3.660488E-01	2.439520E-01	1.620980E-03	7.561095E-03
3.797325E-01	2.405685E-01	1.927963E-03	7.816245E-03
3.939277E-01	2.380209E-01	2.366065E-03	8.089195E-03
4.086536E-01	2.351813E-01	3.080842E-03	8.374722E-03
4.239300E-01	2.268971E-01	4.473498E-03	8.647285E-03
4.397775E-01	2.338469E-01	7.847098E-03	8.937107E-03
4.562173E-01	1.813447E-01	2.112936E-02	9.158590E-03
