# I(Q)
#Q (1/A)        I (1/cm)        dI (1/cm)       dQ (1/A)
1.477775E-03	1.854818E+02	7.762941E+01	5.502358E-04
1.525585E-03	1.272300E+02	3.476826E+01	5.633119E-04
1.574941E-03	7.694067E+01	2.007846E+01	5.609977E-04
1.625894E-03	1.168992E+02	1.374653E+01	5.706340E-04
1.678496E-03	1.235231E+02	1.333972E+01	5.825557E-04
1.732799E-03	1.599262E+02	1.410618E+01	5.876651E-04
1.788859E-03	1.768706E+02	1.310587E+01	5.868438E-04
1.846733E-03	2.867311E+02	1.530515E+01	5.824374E-04
1.906479E-03	3.715143E+02	1.606461E+01	5.827571E-04
1.968159E-03	5.049708E+02	1.702365E+01	5.871752E-04
2.031833E-03	5.122768E+02	1.516423E+01	5.862106E-04
2.097568E-03	6.550059E+02	1.634439E+01	5.861700E-04
2.165429E-03	7.117545E+02	1.559486E+01	5.842634E-04
2.235486E-03	7.171187E+02	1.522327E+01	5.855607E-04
2.307809E-03	7.485368E+02	1.425522E+01	5.857027E-04
2.382472E-03	7.560999E+02	1.378602E+01	5.826326E-04
2.459551E-03	7.173529E+02	1.205442E+01	5.836153E-04
2.539123E-03	7.558147E+02	1.105376E+01	5.809305E-04
2.621270E-03	7.347818E+02	9.571389E+00	5.829841E-04
2.706074E-03	7.371597E+02	8.933527E+00	5.829736E-04
2.793622E-03	7.237242E+02	8.192627E+00	5.850320E-04
2.884002E-03	7.111741E+02	7.626737E+00	5.871450E-04
2.977306E-03	6.997041E+02	7.216653E+00	5.869732E-04
3.073629E-03	6.855238E+02	6.852254E+00	5.877451E-04
3.173069E-03	6.745642E+02	6.610869E+00	5.877190E-04
3.275725E-03	6.520185E+02	6.244710E+00	5.877781E-04
3.381702E-03	6.367393E+02	5.975415E+00	5.873776E-04
3.491108E-03	6.165791E+02	5.665102E+00	5.876121E-04
3.604054E-03	6.108900E+02	5.477320E+00	5.876940E-04
3.720654E-03	5.920589E+02	5.267076E+00	5.876513E-04
3.841026E-03	5.853645E+02	5.051379E+00	5.874089E-04
3.965292E-03	5.733781E+02	4.799788E+00	5.878352E-04
4.093579E-03	5.493480E+02	4.599175E+00	5.874610E-04
4.226016E-03	5.405076E+02	4.430914E+00	5.878558E-04
4.362737E-03	5.237434E+02	4.164318E+00	5.873411E-04
4.503882E-03	5.081699E+02	4.022604E+00	5.876475E-04
4.649593E-03	4.929739E+02	3.833313E+00	5.878115E-04
4.800019E-03	4.796168E+02	3.656870E+00	5.874580E-04
4.955311E-03	4.658871E+02	3.496379E+00	5.877518E-04
5.115627E-03	4.481094E+02	3.322435E+00	5.875597E-04
5.281129E-03	4.300368E+02	3.141770E+00	5.877169E-04
5.451986E-03	4.184977E+02	3.008940E+00	5.876119E-04
5.628371E-03	4.016210E+02	2.880677E+00	5.875221E-04
5.810462E-03	3.869589E+02	2.722319E+00	5.877318E-04
5.998444E-03	3.656428E+02	2.560882E+00	5.875504E-04
6.192508E-03	3.528267E+02	2.438709E+00	5.876541E-04
6.392851E-03	3.353173E+02	2.329089E+00	5.875917E-04
6.599675E-03	3.205022E+02	2.188861E+00	5.877167E-04
6.813190E-03	3.023239E+02	2.081874E+00	5.875931E-04
7.033612E-03	2.885042E+02	1.967276E+00	5.876027E-04
7.261166E-03	2.691376E+02	1.855792E+00	5.875752E-04
7.496082E-03	2.563350E+02	1.751660E+00	5.877154E-04
7.738598E-03	2.427482E+02	1.661649E+00	5.876081E-04
7.988960E-03	2.280201E+02	1.562345E+00	5.876420E-04
8.247422E-03	2.106299E+02	1.472972E+00	5.876646E-04
8.514246E-03	1.978210E+02	1.374945E+00	5.876131E-04
8.789702E-03	1.861950E+02	1.303271E+00	5.875358E-04
9.074070E-03	1.730752E+02	1.225633E+00	5.877170E-04
9.367637E-03	1.602006E+02	1.154692E+00	5.877182E-04
9.670703E-03	1.486996E+02	1.093791E+00	5.875423E-04
9.983573E-03	1.396492E+02	1.044441E+00	5.876191E-04
1.030656E-02	1.285576E+02	9.804947E-01	5.875579E-04
1.064001E-02	1.196433E+02	9.296132E-01	5.877129E-04
1.098424E-02	1.113836E+02	8.892931E-01	5.875745E-04
1.133960E-02	1.042223E+02	8.455506E-01	5.876355E-04
1.170647E-02	9.434744E+01	7.949985E-01	5.876643E-04
1.208520E-02	8.854183E+01	7.652596E-01	5.875939E-04
1.247618E-02	8.208134E+01	7.269583E-01	5.876429E-04
1.287982E-02	7.670393E+01	6.928668E-01	5.879071E-04
1.329651E-02	7.055456E+01	6.632100E-01	5.878904E-04
1.372668E-02	6.607024E+01	6.359876E-01	5.878586E-04
1.417077E-02	6.141531E+01	6.151572E-01	5.875492E-04
1.462923E-02	5.712167E+01	5.898720E-01	5.874361E-04
1.510252E-02	5.279485E+01	5.665805E-01	5.874710E-04
1.559112E-02	4.920929E+01	5.435451E-01	5.875642E-04
1.609553E-02	4.590257E+01	5.233985E-01	5.875282E-04
1.661626E-02	4.223636E+01	5.001769E-01	5.876936E-04
1.715384E-02	3.886395E+01	4.813327E-01	5.881877E-04
1.770880E-02	3.627340E+01	4.659136E-01	5.887387E-04
1.828173E-02	3.362086E+01	4.581659E-01	5.890497E-04
1.887318E-02	3.000803E+01	4.479175E-01	5.888504E-04
1.948378E-02	2.808142E+01	4.396908E-01	5.890832E-04
2.011412E-02	2.583991E+01	4.334514E-01	5.897157E-04
2.076486E-02	2.358597E+01	4.259328E-01	5.909674E-04
2.143665E-02	2.231690E+01	4.265655E-01	5.921242E-04
2.213018E-02	2.030795E+01	4.349816E-01	5.925498E-04
2.284614E-02	1.902664E+01	4.461706E-01	5.925684E-04
2.358527E-02	1.730494E+01	4.551501E-01	5.928556E-04
2.434831E-02	1.577446E+01	4.681887E-01	5.943548E-04
2.513604E-02	1.449774E+01	4.863747E-01	5.963291E-04
2.594925E-02	1.348092E+01	5.195215E-01	5.979301E-04
2.678877E-02	1.191546E+01	5.643987E-01	5.987978E-04
2.765545E-02	1.061606E+01	6.186333E-01	5.999580E-04
2.855017E-02	9.825753E+00	6.857312E-01	6.024630E-04
2.947383E-02	8.662880E+00	7.507823E-01	6.070475E-04
3.042738E-02	7.279466E+00	8.622559E-01	6.133534E-04
3.141178E-02	6.350324E+00	1.102364E+00	6.188113E-04
3.242802E-02	6.792549E+00	1.523928E+00	6.249698E-04
3.347715E-02	5.094032E+00	2.545532E+00	6.314884E-04
3.456021E-02	6.957267E+00	9.102459E+00	6.371041E-04
