# I(Q)
#Q (1/A)        I (1/cm)        dI (1/cm)       dQ (1/A)
1.477777E-03	-1.167866E-01	9.950440E+02	5.502361E-04
1.525587E-03	-1.128525E-01	4.531043E+02	5.633119E-04
1.574943E-03	3.456000E+01	2.932188E+02	5.609979E-04
1.625896E-03	1.083658E+02	1.725243E+02	5.706340E-04
1.678498E-03	9.293944E+01	1.568611E+02	5.825557E-04
1.732801E-03	1.169313E+02	1.505096E+02	5.876652E-04
1.788862E-03	2.243403E+02	1.506867E+02	5.868439E-04
1.846735E-03	2.934037E+02	1.453784E+02	5.824375E-04
1.906482E-03	2.816443E+02	1.376287E+02	5.827572E-04
1.968161E-03	5.845858E+02	1.254661E+02	5.871752E-04
2.031836E-03	5.168734E+02	1.141694E+02	5.862106E-04
2.097570E-03	7.386041E+02	1.046523E+02	5.861700E-04
2.165432E-03	7.043759E+02	9.798646E+01	5.842634E-04
2.235488E-03	7.687689E+02	1.069108E+02	5.855608E-04
2.307812E-03	7.217587E+02	9.611281E+01	5.857027E-04
2.382475E-03	8.066449E+02	9.160133E+01	5.826327E-04
2.459553E-03	6.994360E+02	8.012720E+01	5.836153E-04
2.539126E-03	7.713620E+02	7.440715E+01	5.809306E-04
2.621273E-03	7.745475E+02	6.048838E+01	5.829842E-04
2.706077E-03	6.609786E+02	6.028199E+01	5.829737E-04
2.793625E-03	7.632404E+02	5.455421E+01	5.850320E-04
2.884005E-03	6.976318E+02	5.068120E+01	5.871450E-04
2.977310E-03	7.176354E+02	4.770359E+01	5.869733E-04
3.073632E-03	7.410942E+02	4.490602E+01	5.877451E-04
3.173072E-03	6.934004E+02	4.546693E+01	5.877190E-04
3.275728E-03	6.312677E+02	4.231955E+01	5.877782E-04
3.381706E-03	6.114506E+02	4.048626E+01	5.873777E-04
3.491112E-03	5.793389E+02	3.900660E+01	5.876121E-04
3.604057E-03	5.904531E+02	3.853899E+01	5.876940E-04
3.720657E-03	6.308608E+02	3.777430E+01	5.876513E-04
3.841029E-03	5.643251E+02	3.565555E+01	5.874090E-04
3.965296E-03	5.589681E+02	3.380077E+01	5.878352E-04
4.093582E-03	5.860220E+02	3.441254E+01	5.874611E-04
4.226019E-03	5.427485E+02	3.275378E+01	5.878559E-04
4.362741E-03	5.016353E+02	3.096673E+01	5.873411E-04
4.503886E-03	5.050981E+02	3.061697E+01	5.876475E-04
4.649597E-03	5.021477E+02	2.960332E+01	5.878115E-04
4.800023E-03	4.705265E+02	2.832761E+01	5.874580E-04
4.955315E-03	4.609758E+02	2.752595E+01	5.877519E-04
5.115631E-03	4.342048E+02	2.659900E+01	5.875597E-04
5.281133E-03	4.345374E+02	2.542313E+01	5.877169E-04
5.451991E-03	4.250466E+02	2.510772E+01	5.876119E-04
5.628375E-03	3.848735E+02	2.412344E+01	5.875221E-04
5.810467E-03	4.047410E+02	2.329463E+01	5.877423E-04
5.998449E-03	3.464228E+02	2.274174E+01	5.875405E-04
6.192513E-03	3.655820E+02	2.171654E+01	5.876542E-04
6.392855E-03	3.404752E+02	2.148627E+01	5.875918E-04
6.599679E-03	3.053012E+02	2.033134E+01	5.877167E-04
6.813194E-03	3.030272E+02	2.015256E+01	5.875931E-04
7.033617E-03	2.815574E+02	1.920297E+01	5.876027E-04
7.261171E-03	2.811912E+02	1.878694E+01	5.875752E-04
7.496087E-03	2.620216E+02	1.793704E+01	5.877154E-04
7.738603E-03	2.528323E+02	1.756937E+01	5.876082E-04
7.988965E-03	2.255020E+02	1.676188E+01	5.876420E-04
8.247427E-03	2.145203E+02	1.645125E+01	5.876646E-04
8.514251E-03	1.939679E+02	1.572702E+01	5.876132E-04
8.789707E-03	1.870135E+02	1.514342E+01	5.875358E-04
9.074075E-03	1.645919E+02	1.465783E+01	5.877170E-04
9.367642E-03	1.603394E+02	1.421365E+01	5.877183E-04
9.670708E-03	1.508265E+02	1.390044E+01	5.875423E-04
9.983578E-03	1.412321E+02	1.353622E+01	5.876191E-04
1.030657E-02	1.329095E+02	1.304207E+01	5.875557E-04
1.064001E-02	1.185803E+02	1.261982E+01	5.877150E-04
1.098424E-02	1.113679E+02	1.230045E+01	5.875745E-04
1.133961E-02	1.052842E+02	1.188286E+01	5.876355E-04
1.170647E-02	9.501368E+01	1.146432E+01	5.876643E-04
1.208520E-02	8.554622E+01	1.116072E+01	5.875940E-04
1.247619E-02	7.912755E+01	1.076614E+01	5.876437E-04
1.287982E-02	7.442948E+01	1.038708E+01	5.879064E-04
1.329651E-02	6.968850E+01	1.007480E+01	5.878904E-04
1.372669E-02	6.722169E+01	9.783788E+00	5.878587E-04
1.417078E-02	5.869045E+01	9.558195E+00	5.875493E-04
1.462924E-02	5.488131E+01	9.263785E+00	5.874361E-04
1.510253E-02	5.136748E+01	8.986553E+00	5.874710E-04
1.559113E-02	5.019331E+01	8.685177E+00	5.875642E-04
1.609554E-02	4.528266E+01	8.408217E+00	5.875297E-04
1.661627E-02	4.364224E+01	8.087288E+00	5.876929E-04
1.715384E-02	3.948818E+01	7.833607E+00	5.881871E-04
1.770881E-02	3.555903E+01	7.610935E+00	5.887392E-04
1.828173E-02	3.395151E+01	7.519802E+00	5.890493E-04
1.887319E-02	3.100996E+01	7.400281E+00	5.888504E-04
1.948378E-02	2.798431E+01	7.287378E+00	5.890822E-04
2.011413E-02	2.690974E+01	7.198734E+00	5.897166E-04
2.076487E-02	2.426760E+01	7.093244E+00	5.909674E-04
2.143666E-02	2.320042E+01	7.120305E+00	5.921242E-04
2.213019E-02	2.128706E+01	7.267452E+00	5.925498E-04
2.284615E-02	1.867388E+01	7.471659E+00	5.925684E-04
2.358528E-02	1.723560E+01	7.632022E+00	5.928556E-04
2.434831E-02	1.623804E+01	7.863852E+00	5.943548E-04
2.513604E-02	1.380080E+01	8.179864E+00	5.963299E-04
2.594925E-02	1.417887E+01	8.742632E+00	5.979292E-04
2.678877E-02	1.427027E+01	9.509929E+00	5.987978E-04
2.765545E-02	1.026267E+01	1.043622E+01	5.999580E-04
2.855017E-02	8.772323E+00	1.156082E+01	6.024630E-04
2.947383E-02	1.133138E+01	1.268337E+01	6.070475E-04
3.042738E-02	5.891808E+00	1.456061E+01	6.133534E-04
3.141178E-02	7.364148E+00	1.862101E+01	6.188113E-04
3.242802E-02	7.275157E+00	2.570012E+01	6.249698E-04
3.347715E-02	4.352872E+00	4.308721E+01	6.314884E-04
3.456021E-02	-1.118373E-01	1.543146E+02	6.371041E-04
