# I(Q)
#Q (1/A)        I (1/cm)        dI (1/cm)       dQ (1/A)
1.477775E-03	-1.942807E-01	5.516700E+02	5.502357E-04
1.525584E-03	1.642625E+02	2.541204E+02	5.633118E-04
1.574940E-03	1.982878E+01	1.622223E+02	5.609977E-04
1.625893E-03	4.891805E+01	9.500188E+01	5.706339E-04
1.678495E-03	4.847135E+01	8.587339E+01	5.825557E-04
1.732798E-03	8.378695E+01	8.157135E+01	5.876651E-04
1.788858E-03	3.257293E+01	8.207606E+01	5.868438E-04
1.846732E-03	9.489066E+01	8.005641E+01	5.824374E-04
1.906478E-03	9.779118E+01	7.630620E+01	5.827571E-04
1.968158E-03	1.643158E+02	6.792208E+01	5.871752E-04
2.031832E-03	1.591766E+02	6.119612E+01	5.862105E-04
2.097567E-03	1.764313E+02	5.480483E+01	5.861700E-04
2.165428E-03	1.660981E+02	5.200845E+01	5.842634E-04
2.235485E-03	1.303317E+02	5.649697E+01	5.855607E-04
2.307808E-03	1.181341E+02	5.120729E+01	5.857027E-04
2.382471E-03	2.096159E+02	4.854650E+01	5.826326E-04
2.459550E-03	1.571643E+02	4.242755E+01	5.836153E-04
2.539122E-03	1.379063E+02	3.930876E+01	5.809305E-04
2.621269E-03	1.737810E+02	3.222201E+01	5.829841E-04
2.706073E-03	1.604436E+02	3.228104E+01	5.829736E-04
2.793621E-03	1.607132E+02	2.877055E+01	5.850700E-04
2.884001E-03	1.265456E+02	2.696652E+01	5.871092E-04
2.977305E-03	1.361760E+02	2.519497E+01	5.869732E-04
3.073628E-03	1.317081E+02	2.370569E+01	5.877451E-04
3.173067E-03	1.259740E+02	2.415969E+01	5.877189E-04
3.275724E-03	1.078054E+02	2.236891E+01	5.877781E-04
3.381701E-03	1.040595E+02	2.170011E+01	5.873776E-04
3.491107E-03	1.298599E+02	2.084204E+01	5.876121E-04
3.604053E-03	1.050370E+02	2.050779E+01	5.876940E-04
3.720652E-03	1.054409E+02	2.002990E+01	5.876513E-04
3.841024E-03	9.841453E+01	1.908942E+01	5.874089E-04
3.965290E-03	9.679859E+01	1.813031E+01	5.878351E-04
4.093577E-03	9.046807E+01	1.831115E+01	5.874610E-04
4.226014E-03	1.002881E+02	1.757742E+01	5.878558E-04
4.362736E-03	8.530732E+01	1.665572E+01	5.873411E-04
4.503880E-03	9.671798E+01	1.650838E+01	5.876475E-04
4.649592E-03	8.445742E+01	1.590646E+01	5.878115E-04
4.800017E-03	7.984084E+01	1.525531E+01	5.874579E-04
4.955309E-03	7.591295E+01	1.484032E+01	5.877518E-04
5.115625E-03	8.176830E+01	1.439007E+01	5.875596E-04
5.281128E-03	7.328349E+01	1.373348E+01	5.877090E-04
5.451985E-03	6.528191E+01	1.359751E+01	5.876192E-04
5.628369E-03	6.541223E+01	1.309318E+01	5.875221E-04
5.810460E-03	6.818415E+01	1.261488E+01	5.877318E-04
5.998443E-03	5.473854E+01	1.235710E+01	5.875504E-04
6.192506E-03	6.029072E+01	1.178124E+01	5.876541E-04
6.392849E-03	5.479153E+01	1.168597E+01	5.875917E-04
6.599673E-03	5.661372E+01	1.106649E+01	5.877167E-04
6.813188E-03	4.996942E+01	1.097521E+01	5.875930E-04
7.033611E-03	4.943811E+01	1.046395E+01	5.876027E-04
7.261165E-03	5.134437E+01	1.024932E+01	5.875752E-04
7.496080E-03	4.567351E+01	9.792199E+00	5.877154E-04
7.738596E-03	3.843725E+01	9.607818E+00	5.876081E-04
7.988958E-03	3.599707E+01	9.172280E+00	5.876420E-04
8.247420E-03	3.300097E+01	9.000756E+00	5.876646E-04
8.514244E-03	3.484419E+01	8.610673E+00	5.876131E-04
8.789700E-03	3.308929E+01	8.295694E+00	5.875358E-04
9.074068E-03	2.903061E+01	8.037134E+00	5.877170E-04
9.367635E-03	2.911043E+01	7.795029E+00	5.877182E-04
9.670700E-03	2.801227E+01	7.631370E+00	5.875456E-04
9.983571E-03	2.590841E+01	7.433726E+00	5.876159E-04
1.030656E-02	2.509388E+01	7.160896E+00	5.875579E-04
1.064000E-02	2.169666E+01	6.927634E+00	5.877129E-04
1.098423E-02	2.236238E+01	6.752975E+00	5.875745E-04
1.133960E-02	2.082505E+01	6.527426E+00	5.876355E-04
1.170646E-02	1.837186E+01	6.295324E+00	5.876642E-04
1.208519E-02	1.802768E+01	6.133768E+00	5.875939E-04
1.247618E-02	1.520218E+01	5.915882E+00	5.876429E-04
1.287981E-02	1.487498E+01	5.705968E+00	5.879071E-04
1.329651E-02	1.530410E+01	5.536906E+00	5.878904E-04
1.372668E-02	1.439177E+01	5.377106E+00	5.878586E-04
1.417077E-02	1.299563E+01	5.255105E+00	5.875492E-04
1.462923E-02	1.269285E+01	5.092236E+00	5.874361E-04
1.510252E-02	1.202610E+01	4.940212E+00	5.874710E-04
1.559112E-02	1.173506E+01	4.774920E+00	5.875641E-04
1.609553E-02	1.128536E+01	4.623514E+00	5.875281E-04
1.661626E-02	1.026377E+01	4.445613E+00	5.876924E-04
1.715384E-02	9.702102E+00	4.305489E+00	5.881888E-04
1.770880E-02	9.617055E+00	4.183233E+00	5.887387E-04
1.828172E-02	9.359107E+00	4.133322E+00	5.890497E-04
1.887318E-02	8.897718E+00	4.068185E+00	5.888504E-04
1.948377E-02	8.331193E+00	4.005474E+00	5.890832E-04
2.011412E-02	8.331893E+00	3.955469E+00	5.897157E-04
2.076486E-02	7.586103E+00	3.895306E+00	5.909670E-04
2.143665E-02	7.614658E+00	3.909008E+00	5.921246E-04
2.213018E-02	7.120025E+00	3.989723E+00	5.925498E-04
2.284614E-02	6.855750E+00	4.102698E+00	5.925684E-04
2.358527E-02	6.786446E+00	4.189283E+00	5.928556E-04
2.434831E-02	6.584942E+00	4.313358E+00	5.943548E-04
2.513604E-02	5.648798E+00	4.483533E+00	5.963291E-04
2.594925E-02	5.939424E+00	4.790558E+00	5.979301E-04
2.678877E-02	5.664264E+00	5.209220E+00	5.987978E-04
2.765545E-02	4.980534E+00	5.710017E+00	5.999580E-04
2.855016E-02	4.747475E+00	6.315693E+00	6.024630E-04
2.947383E-02	4.602727E+00	6.908284E+00	6.070475E-04
3.042738E-02	3.352349E+00	7.894492E+00	6.133534E-04
3.141178E-02	3.856947E+00	1.007091E+01	6.188113E-04
3.242802E-02	2.615876E+00	1.384575E+01	6.249698E-04
3.347715E-02	4.032616E+00	2.314855E+01	6.314884E-04
3.456021E-02	-1.798827E-01	8.273380E+01	6.371041E-04
