# I(Q)
#Q (1/A)        I (1/cm)        dI (1/cm)       dQ (1/A)
1.477775E-03	1.338677E+01	6.620075E+01	5.502358E-04
1.525585E-03	8.250102E+01	3.692699E+01	5.633119E-04
1.574941E-03	1.163279E+01	1.957466E+01	5.609977E-04
1.625894E-03	6.631381E+01	1.404322E+01	5.706339E-04
1.678496E-03	2.916785E+01	1.055343E+01	5.825557E-04
1.732799E-03	5.409907E+01	1.101650E+01	5.876651E-04
1.788859E-03	5.094081E+01	1.065654E+01	5.868438E-04
1.846733E-03	8.413648E+01	1.155332E+01	5.824374E-04
1.906479E-03	9.476479E+01	1.072879E+01	5.827571E-04
1.968158E-03	1.053435E+02	9.695414E+00	5.871752E-04
2.031833E-03	1.197902E+02	8.961841E+00	5.862106E-04
2.097568E-03	1.410332E+02	8.641934E+00	5.861700E-04
2.165429E-03	1.443727E+02	8.211941E+00	5.842634E-04
2.235486E-03	1.496361E+02	8.601866E+00	5.855607E-04
2.307809E-03	1.490471E+02	7.853665E+00	5.857027E-04
2.382472E-03	1.582117E+02	7.513204E+00	5.826326E-04
2.459551E-03	1.522985E+02	6.589292E+00	5.836153E-04
2.539123E-03	1.460328E+02	5.926047E+00	5.809305E-04
2.621269E-03	1.638996E+02	5.212485E+00	5.829841E-04
2.706074E-03	1.390250E+02	4.826743E+00	5.829736E-04
2.793622E-03	1.527682E+02	4.503427E+00	5.850320E-04
2.884002E-03	1.446234E+02	4.196638E+00	5.871450E-04
2.977306E-03	1.381324E+02	3.850663E+00	5.869732E-04
3.073629E-03	1.362341E+02	3.637317E+00	5.877451E-04
3.173068E-03	1.304215E+02	3.579914E+00	5.877190E-04
3.275725E-03	1.264152E+02	3.380145E+00	5.877781E-04
3.381702E-03	1.194415E+02	3.192211E+00	5.873776E-04
3.491108E-03	1.188312E+02	3.088473E+00	5.876121E-04
3.604054E-03	1.061895E+02	2.939155E+00	5.876940E-04
3.720653E-03	1.067593E+02	2.860513E+00	5.876513E-04
3.841025E-03	1.073027E+02	2.739719E+00	5.874089E-04
3.965292E-03	1.011024E+02	2.568509E+00	5.878352E-04
4.093578E-03	9.295540E+01	2.519024E+00	5.874610E-04
4.226015E-03	9.018672E+01	2.414873E+00	5.878558E-04
4.362737E-03	8.644055E+01	2.270666E+00	5.873411E-04
4.503882E-03	8.642852E+01	2.247020E+00	5.876475E-04
4.649593E-03	8.089118E+01	2.132340E+00	5.878115E-04
4.800018E-03	7.920706E+01	2.045058E+00	5.874580E-04
4.955310E-03	7.528423E+01	1.968515E+00	5.877518E-04
5.115626E-03	7.284701E+01	1.901065E+00	5.875597E-04
5.281129E-03	7.300453E+01	1.827070E+00	5.877090E-04
5.451986E-03	6.983810E+01	1.789255E+00	5.876192E-04
5.628371E-03	6.752991E+01	1.710348E+00	5.875221E-04
5.810462E-03	6.432739E+01	1.635094E+00	5.877318E-04
5.998444E-03	6.010699E+01	1.593668E+00	5.875504E-04
6.192508E-03	5.903631E+01	1.514833E+00	5.876541E-04
6.392850E-03	5.456962E+01	1.484289E+00	5.875917E-04
6.599674E-03	5.274955E+01	1.404011E+00	5.877167E-04
6.813189E-03	5.100416E+01	1.387064E+00	5.875931E-04
7.033612E-03	4.858661E+01	1.321887E+00	5.876027E-04
7.261166E-03	4.602008E+01	1.282975E+00	5.875752E-04
7.496082E-03	4.358369E+01	1.223802E+00	5.877154E-04
7.738598E-03	3.951498E+01	1.193035E+00	5.876081E-04
7.988960E-03	3.859917E+01	1.141359E+00	5.876420E-04
8.247422E-03	3.603184E+01	1.113178E+00	5.876646E-04
8.514246E-03	3.344575E+01	1.060135E+00	5.876131E-04
8.789702E-03	3.203079E+01	1.020124E+00	5.875358E-04
9.074069E-03	2.976513E+01	9.850724E-01	5.877170E-04
9.367637E-03	2.800979E+01	9.546469E-01	5.877182E-04
9.670702E-03	2.709831E+01	9.326187E-01	5.875423E-04
9.983572E-03	2.506315E+01	9.056107E-01	5.876191E-04
1.030656E-02	2.381154E+01	8.702171E-01	5.875579E-04
1.064001E-02	2.247217E+01	8.417134E-01	5.877129E-04
1.098424E-02	2.100692E+01	8.195277E-01	5.875745E-04
1.133960E-02	1.978798E+01	7.908820E-01	5.876355E-04
1.170646E-02	1.841787E+01	7.621025E-01	5.876643E-04
1.208520E-02	1.754975E+01	7.421161E-01	5.875939E-04
1.247618E-02	1.665043E+01	7.150373E-01	5.876429E-04
1.287982E-02	1.526453E+01	6.892159E-01	5.879071E-04
1.329651E-02	1.486279E+01	6.685626E-01	5.878904E-04
1.372668E-02	1.405153E+01	6.489649E-01	5.878586E-04
1.417077E-02	1.374709E+01	6.339102E-01	5.875492E-04
1.462923E-02	1.275296E+01	6.140638E-01	5.874361E-04
1.510252E-02	1.227911E+01	5.953590E-01	5.874710E-04
1.559112E-02	1.144803E+01	5.752585E-01	5.875642E-04
1.609553E-02	1.099826E+01	5.566109E-01	5.875282E-04
1.661626E-02	1.062120E+01	5.350604E-01	5.876936E-04
1.715384E-02	9.945641E+00	5.179870E-01	5.881877E-04
1.770880E-02	9.360442E+00	5.031487E-01	5.887387E-04
1.828173E-02	9.277738E+00	4.972419E-01	5.890497E-04
1.887318E-02	8.849010E+00	4.893581E-01	5.888504E-04
1.948378E-02	8.445113E+00	4.816806E-01	5.890832E-04
2.011412E-02	8.134771E+00	4.757279E-01	5.897157E-04
2.076486E-02	7.731467E+00	4.683470E-01	5.909674E-04
2.143665E-02	7.337841E+00	4.700109E-01	5.921242E-04
2.213018E-02	6.989977E+00	4.796053E-01	5.925498E-04
2.284614E-02	6.823520E+00	4.930721E-01	5.925684E-04
2.358527E-02	6.456458E+00	5.033967E-01	5.928556E-04
2.434831E-02	6.518839E+00	5.184783E-01	5.943548E-04
2.513604E-02	6.397844E+00	5.390695E-01	5.963291E-04
2.594925E-02	5.662682E+00	5.757619E-01	5.979301E-04
2.678877E-02	5.545885E+00	6.257090E-01	5.987978E-04
2.765545E-02	5.422220E+00	6.862023E-01	5.999580E-04
2.855017E-02	5.254816E+00	7.590068E-01	6.024630E-04
2.947383E-02	5.089605E+00	8.300806E-01	6.070475E-04
3.042738E-02	4.204921E+00	9.490475E-01	6.133534E-04
3.141178E-02	3.747401E+00	1.209833E+00	6.188113E-04
3.242802E-02	3.778429E+00	1.665726E+00	6.249698E-04
3.347715E-02	2.052883E+00	2.777728E+00	6.314884E-04
3.456021E-02	3.417248E+00	9.927925E+00	6.371041E-04
