# I(Q)
#Q (1/A)        I (1/cm)        dI (1/cm)       dQ (1/A)
2.902290E-03	-2.141417E+00	1.017885E+02	9.444806E-04
2.999376E-03	3.115380E+01	6.289052E+01	9.723254E-04
3.099710E-03	1.801821E+01	4.285450E+01	9.681969E-04
3.203400E-03	1.084776E+01	3.673641E+01	9.946335E-04
3.310558E-03	2.171998E+01	2.916886E+01	1.001250E-03
3.421302E-03	1.097237E+01	2.249034E+01	1.004697E-03
3.535750E-03	1.209302E+01	1.403969E+01	9.793239E-04
3.654026E-03	6.057792E+00	1.018850E+01	9.902474E-04
3.776259E-03	9.081697E+00	8.597846E+00	1.004147E-03
3.902580E-03	9.304596E+00	7.353195E+00	1.014598E-03
4.033128E-03	6.238126E+00	6.369379E+00	1.026527E-03
4.168042E-03	5.910718E+00	5.628089E+00	1.029865E-03
4.307470E-03	4.613995E+00	5.035887E+00	1.036299E-03
4.451561E-03	6.025828E+00	4.530300E+00	1.043251E-03
4.600473E-03	3.963990E+00	4.178852E+00	1.045432E-03
4.754366E-03	4.149181E+00	4.044933E+00	1.047851E-03
4.913407E-03	3.963894E+00	3.797624E+00	1.047637E-03
5.077768E-03	3.509745E+00	3.607226E+00	1.050486E-03
5.247627E-03	1.248436E+00	3.368405E+00	1.048280E-03
5.423168E-03	1.997417E+00	3.125826E+00	1.053985E-03
5.604582E-03	1.775326E+00	3.008891E+00	1.057662E-03
5.792064E-03	1.732422E+00	2.833004E+00	1.057290E-03
5.985817E-03	1.567753E+00	2.767435E+00	1.050577E-03
6.186052E-03	1.579260E+00	2.596348E+00	1.052076E-03
6.392985E-03	1.096219E+00	2.415112E+00	1.057061E-03
6.606840E-03	8.025840E-01	2.345918E+00	1.057627E-03
6.827849E-03	8.520280E-01	2.295258E+00	1.054972E-03
7.056251E-03	8.880993E-01	2.195487E+00	1.054012E-03
7.292294E-03	4.203778E-01	2.076268E+00	1.057984E-03
7.536233E-03	8.902977E-01	2.002097E+00	1.060085E-03
7.788331E-03	7.217926E-01	1.939091E+00	1.059029E-03
8.048863E-03	4.287197E-01	1.891298E+00	1.059304E-03
8.318110E-03	7.961762E-01	1.832285E+00	1.058367E-03
8.596364E-03	8.103588E-01	1.755224E+00	1.059548E-03
8.883925E-03	9.673167E-01	1.700230E+00	1.060141E-03
9.181106E-03	7.809267E-01	1.644346E+00	1.059961E-03
9.488229E-03	4.038288E-01	1.594244E+00	1.057490E-03
9.805625E-03	4.716820E-01	1.526157E+00	1.060722E-03
1.013364E-02	7.198961E-01	1.489016E+00	1.060378E-03
1.047262E-02	6.111178E-01	1.453160E+00	1.058707E-03
1.082295E-02	5.309102E-01	1.392889E+00	1.059937E-03
1.118499E-02	3.852350E-01	1.357362E+00	1.059625E-03
1.155915E-02	4.962664E-01	1.318177E+00	1.059048E-03
1.194582E-02	6.362515E-01	1.265767E+00	1.060376E-03
1.234543E-02	4.963345E-01	1.227326E+00	1.059963E-03
1.275840E-02	3.741664E-01	1.193280E+00	1.059476E-03
1.318519E-02	5.716607E-01	1.150596E+00	1.060485E-03
1.362625E-02	4.550913E-01	1.117716E+00	1.059442E-03
1.408207E-02	3.486135E-01	1.080306E+00	1.060547E-03
1.455314E-02	4.355146E-01	1.040400E+00	1.060714E-03
1.503997E-02	4.167604E-01	1.010364E+00	1.061740E-03
1.554308E-02	3.646530E-01	9.753386E-01	1.063548E-03
1.606302E-02	4.747447E-01	9.464461E-01	1.064731E-03
1.660035E-02	3.372683E-01	9.203089E-01	1.066141E-03
1.715566E-02	3.915577E-01	9.019350E-01	1.066504E-03
1.772954E-02	3.473439E-01	8.831001E-01	1.067264E-03
1.832262E-02	3.680685E-01	8.827175E-01	1.064998E-03
1.893554E-02	2.449824E-01	8.667385E-01	1.063089E-03
1.956896E-02	2.892256E-01	8.487678E-01	1.061341E-03
2.022358E-02	3.665943E-01	8.246649E-01	1.060290E-03
2.090009E-02	3.741010E-01	7.999004E-01	1.059410E-03
2.159923E-02	3.462704E-01	7.689517E-01	1.059191E-03
2.232175E-02	2.283477E-01	7.380900E-01	1.058852E-03
2.306845E-02	3.659793E-01	7.100670E-01	1.060433E-03
2.384013E-02	2.963110E-01	6.801080E-01	1.061336E-03
2.463761E-02	3.300241E-01	6.551555E-01	1.061537E-03
2.546178E-02	3.665978E-01	6.301910E-01	1.061868E-03
2.631352E-02	2.941390E-01	6.113418E-01	1.061737E-03
2.719375E-02	3.518116E-01	5.900256E-01	1.061928E-03
2.810342E-02	3.375429E-01	5.717089E-01	1.061597E-03
2.904352E-02	3.304779E-01	5.528074E-01	1.061477E-03
3.001507E-02	3.382011E-01	5.293300E-01	1.062681E-03
3.101912E-02	3.129060E-01	5.114107E-01	1.063147E-03
3.205676E-02	3.349206E-01	4.942619E-01	1.063697E-03
3.312911E-02	3.236190E-01	4.765693E-01	1.064134E-03
3.423733E-02	3.208989E-01	4.611145E-01	1.064600E-03
3.538262E-02	3.329356E-01	4.480059E-01	1.065016E-03
3.656622E-02	3.866410E-01	4.339664E-01	1.065554E-03
3.778942E-02	3.127277E-01	4.196851E-01	1.066764E-03
3.905354E-02	4.130891E-01	4.067027E-01	1.070056E-03
4.035994E-02	3.301096E-01	3.945453E-01	1.074835E-03
4.171004E-02	3.467863E-01	3.858115E-01	1.080092E-03
4.310531E-02	3.394198E-01	3.800797E-01	1.086193E-03
4.454724E-02	3.458105E-01	3.779382E-01	1.092940E-03
4.603742E-02	2.985937E-01	3.795301E-01	1.100380E-03
4.757744E-02	2.544004E-01	3.856868E-01	1.106783E-03
4.916898E-02	3.277396E-01	3.996176E-01	1.112315E-03
5.081376E-02	2.749645E-01	4.175748E-01	1.118151E-03
5.251356E-02	2.575093E-01	4.378070E-01	1.125314E-03
5.427022E-02	3.615799E-01	4.626817E-01	1.133856E-03
5.608564E-02	3.173257E-01	4.920993E-01	1.144020E-03
5.796179E-02	2.508069E-01	5.248374E-01	1.156923E-03
5.990071E-02	2.060676E-01	5.664913E-01	1.171039E-03
6.190448E-02	2.529572E-01	6.279049E-01	1.185498E-03
6.397528E-02	2.556533E-01	7.239653E-01	1.199627E-03
6.611535E-02	2.707309E-01	8.780113E-01	1.213747E-03
6.832701E-02	2.049477E-01	1.154617E+00	1.226954E-03
7.061266E-02	6.050649E-02	1.679920E+00	1.240459E-03
7.297476E-02	1.366810E-01	3.122736E+00	1.252666E-03
7.541588E-02	-1.252669E-03	8.937161E+00	1.263894E-03
