# I(Q)
#Q (1/A)        I (1/cm)        dI (1/cm)       dQ (1/A)
2.902290E-03	-2.212602E+00	5.210770E+00	9.444806E-04
2.999376E-03	5.658862E+00	3.714642E+00	9.723254E-04
3.099710E-03	1.141169E+01	3.259704E+00	9.681969E-04
3.203400E-03	1.041244E+01	2.682604E+00	9.946335E-04
3.310558E-03	1.440090E+01	2.411108E+00	1.001250E-03
3.421302E-03	8.517646E+00	1.660420E+00	1.004697E-03
3.535749E-03	8.761732E+00	9.999859E-01	9.793239E-04
3.654026E-03	8.602591E+00	7.285463E-01	9.902474E-04
3.776259E-03	6.854084E+00	5.966348E-01	1.004147E-03
3.902580E-03	7.244240E+00	5.124857E-01	1.014598E-03
4.033128E-03	7.059126E+00	4.512838E-01	1.026527E-03
4.168042E-03	6.914377E+00	3.908974E-01	1.029865E-03
4.307470E-03	6.126368E+00	3.371861E-01	1.036299E-03
4.451561E-03	4.580715E+00	2.802125E-01	1.043251E-03
4.600473E-03	4.532043E+00	2.575877E-01	1.045432E-03
4.754366E-03	3.783799E+00	2.412074E-01	1.047851E-03
4.913407E-03	3.367246E+00	2.198800E-01	1.047637E-03
5.077768E-03	3.073180E+00	2.099511E-01	1.050486E-03
5.247627E-03	2.352336E+00	1.874927E-01	1.048280E-03
5.423168E-03	2.179489E+00	1.726200E-01	1.053985E-03
5.604581E-03	1.918213E+00	1.651820E-01	1.057662E-03
5.792063E-03	1.622055E+00	1.537493E-01	1.057290E-03
5.985817E-03	1.613479E+00	1.515486E-01	1.050577E-03
6.186052E-03	1.565522E+00	1.413853E-01	1.052076E-03
6.392985E-03	1.309910E+00	1.291838E-01	1.057061E-03
6.606840E-03	1.099243E+00	1.238962E-01	1.057627E-03
6.827849E-03	9.518507E-01	1.204289E-01	1.054972E-03
7.056251E-03	1.011749E+00	1.157473E-01	1.054012E-03
7.292294E-03	8.542788E-01	1.089771E-01	1.057984E-03
7.536232E-03	8.171779E-01	1.046484E-01	1.060085E-03
7.788331E-03	7.376313E-01	1.006718E-01	1.059029E-03
8.048863E-03	6.497309E-01	9.829041E-02	1.059304E-03
8.318110E-03	6.413166E-01	9.503837E-02	1.058367E-03
8.596363E-03	6.611015E-01	9.084221E-02	1.059548E-03
8.883925E-03	5.742279E-01	8.795384E-02	1.060141E-03
9.181106E-03	6.392178E-01	8.504836E-02	1.059961E-03
9.488228E-03	4.963254E-01	8.223951E-02	1.057490E-03
9.805624E-03	5.438747E-01	7.879240E-02	1.060722E-03
1.013364E-02	5.339252E-01	7.676925E-02	1.060378E-03
1.047262E-02	5.188348E-01	7.489017E-02	1.058707E-03
1.082295E-02	4.714278E-01	7.169148E-02	1.059937E-03
1.118499E-02	4.746888E-01	6.993820E-02	1.059625E-03
1.155915E-02	4.564011E-01	6.793853E-02	1.059048E-03
1.194582E-02	4.520161E-01	6.515111E-02	1.060376E-03
1.234543E-02	4.229158E-01	6.321462E-02	1.059963E-03
1.275840E-02	4.012572E-01	6.144569E-02	1.059476E-03
1.318519E-02	4.118380E-01	5.918145E-02	1.060485E-03
1.362625E-02	4.271228E-01	5.749036E-02	1.059442E-03
1.408207E-02	4.047537E-01	5.560020E-02	1.060547E-03
1.455314E-02	3.860734E-01	5.350078E-02	1.060714E-03
1.503997E-02	3.914452E-01	5.196074E-02	1.061740E-03
1.554308E-02	3.626367E-01	5.015193E-02	1.063548E-03
1.606302E-02	3.830123E-01	4.871926E-02	1.064731E-03
1.660035E-02	3.587758E-01	4.734203E-02	1.066141E-03
1.715566E-02	3.806170E-01	4.640309E-02	1.066504E-03
1.772954E-02	3.476786E-01	4.540199E-02	1.067264E-03
1.832262E-02	3.749370E-01	4.538410E-02	1.064998E-03
1.893554E-02	3.538828E-01	4.456852E-02	1.063089E-03
1.956896E-02	3.491391E-01	4.364999E-02	1.061341E-03
2.022358E-02	3.705657E-01	4.241474E-02	1.060290E-03
2.090008E-02	3.634056E-01	4.112191E-02	1.059410E-03
2.159923E-02	3.474793E-01	3.952500E-02	1.059191E-03
2.232175E-02	3.742593E-01	3.795596E-02	1.058852E-03
2.306845E-02	3.601348E-01	3.650032E-02	1.060433E-03
2.384013E-02	3.419956E-01	3.495021E-02	1.061336E-03
2.463761E-02	3.421437E-01	3.368014E-02	1.061537E-03
2.546178E-02	3.488071E-01	3.239715E-02	1.061868E-03
2.631352E-02	3.584239E-01	3.142312E-02	1.061737E-03
2.719375E-02	3.524917E-01	3.032978E-02	1.061928E-03
2.810342E-02	3.515007E-01	2.938540E-02	1.061597E-03
2.904352E-02	3.556452E-01	2.841497E-02	1.061477E-03
3.001507E-02	3.453014E-01	2.720098E-02	1.062681E-03
3.101912E-02	3.445269E-01	2.627969E-02	1.063147E-03
3.205676E-02	3.427147E-01	2.540663E-02	1.063697E-03
3.312911E-02	3.437962E-01	2.448724E-02	1.064134E-03
3.423733E-02	3.306669E-01	2.368986E-02	1.064600E-03
3.538262E-02	3.440022E-01	2.303111E-02	1.065016E-03
3.656622E-02	3.387721E-01	2.229631E-02	1.065554E-03
3.778942E-02	3.552599E-01	2.157153E-02	1.066764E-03
3.905354E-02	3.367293E-01	2.089904E-02	1.070056E-03
4.035994E-02	3.319076E-01	2.027908E-02	1.074835E-03
4.171004E-02	3.288567E-01	1.982700E-02	1.080092E-03
4.310531E-02	3.308072E-01	1.954031E-02	1.086193E-03
4.454724E-02	3.220642E-01	1.942574E-02	1.092940E-03
4.603742E-02	3.178424E-01	1.951233E-02	1.100380E-03
4.757744E-02	3.091829E-01	1.983382E-02	1.106783E-03
4.916898E-02	3.011692E-01	2.054645E-02	1.112315E-03
5.081376E-02	2.980808E-01	2.147424E-02	1.118151E-03
5.251356E-02	2.875794E-01	2.251100E-02	1.125314E-03
5.427022E-02	2.924159E-01	2.380369E-02	1.133856E-03
5.608564E-02	2.725145E-01	2.532253E-02	1.144020E-03
5.796179E-02	2.622374E-01	2.701050E-02	1.156923E-03
5.990071E-02	2.446402E-01	2.915776E-02	1.171039E-03
6.190448E-02	2.087553E-01	3.229128E-02	1.185498E-03
6.397528E-02	1.951200E-01	3.726177E-02	1.199627E-03
6.611535E-02	1.932445E-01	4.518173E-02	1.213747E-03
6.832701E-02	1.380359E-01	5.939208E-02	1.226954E-03
7.061266E-02	1.311218E-01	8.629875E-02	1.240459E-03
7.297476E-02	4.197875E-02	1.605843E-01	1.252666E-03
7.541588E-02	-7.440971E-03	4.584857E-01	1.263894E-03
