# I(Q)
#Q (1/A)        I (1/cm)        dI (1/cm)       dQ (1/A)
2.902290E-03	-2.143181E+00	7.241337E+00	9.444806E-04
2.999376E-03	7.411466E+00	4.935348E+00	9.723254E-04
3.099710E-03	1.200613E+01	4.098460E+00	9.681969E-04
3.203400E-03	1.142183E+01	3.516288E+00	9.946335E-04
3.310558E-03	1.602337E+01	3.120738E+00	1.001250E-03
3.421302E-03	8.891452E+00	2.114809E+00	1.004697E-03
3.535749E-03	7.416970E+00	1.249018E+00	9.793239E-04
3.654026E-03	8.161790E+00	9.097553E-01	9.902474E-04
3.776259E-03	6.831187E+00	7.615753E-01	1.004147E-03
3.902580E-03	6.776287E+00	6.489779E-01	1.014598E-03
4.033128E-03	7.004276E+00	5.685119E-01	1.026527E-03
4.168042E-03	7.074481E+00	4.936589E-01	1.029865E-03
4.307470E-03	6.096082E+00	4.306509E-01	1.036299E-03
4.451561E-03	4.569691E+00	3.647398E-01	1.043251E-03
4.600473E-03	4.313076E+00	3.318802E-01	1.045432E-03
4.754366E-03	3.825235E+00	3.186550E-01	1.047851E-03
4.913407E-03	3.353736E+00	2.914210E-01	1.047637E-03
5.077768E-03	3.146844E+00	2.795387E-01	1.050486E-03
5.247627E-03	2.221652E+00	2.523175E-01	1.048280E-03
5.423168E-03	2.178233E+00	2.324893E-01	1.053985E-03
5.604581E-03	1.923211E+00	2.234435E-01	1.057662E-03
5.792063E-03	1.627235E+00	2.084038E-01	1.057290E-03
5.985817E-03	1.545570E+00	2.050254E-01	1.050577E-03
6.186052E-03	1.528380E+00	1.910281E-01	1.052076E-03
6.392985E-03	1.265924E+00	1.759420E-01	1.057061E-03
6.606840E-03	1.130870E+00	1.700270E-01	1.057627E-03
6.827849E-03	1.003565E+00	1.655476E-01	1.054972E-03
7.056251E-03	1.070421E+00	1.590112E-01	1.054012E-03
7.292294E-03	8.556220E-01	1.497421E-01	1.057984E-03
7.536232E-03	8.307876E-01	1.439755E-01	1.060085E-03
7.788331E-03	7.455627E-01	1.389550E-01	1.059029E-03
8.048863E-03	5.922098E-01	1.357528E-01	1.059304E-03
8.318110E-03	6.734143E-01	1.313074E-01	1.058367E-03
8.596363E-03	6.807274E-01	1.255307E-01	1.059548E-03
8.883925E-03	6.023114E-01	1.218178E-01	1.060141E-03
9.181106E-03	6.532684E-01	1.177382E-01	1.059961E-03
9.488228E-03	5.189741E-01	1.138064E-01	1.057490E-03
9.805624E-03	5.520461E-01	1.090712E-01	1.060722E-03
1.013364E-02	5.317740E-01	1.063347E-01	1.060378E-03
1.047262E-02	5.241296E-01	1.037243E-01	1.058707E-03
1.082295E-02	4.847079E-01	9.939113E-02	1.059937E-03
1.118499E-02	4.625050E-01	9.684991E-02	1.059625E-03
1.155915E-02	4.598116E-01	9.418759E-02	1.059048E-03
1.194582E-02	4.532327E-01	9.031482E-02	1.060376E-03
1.234543E-02	4.495782E-01	8.763551E-02	1.059963E-03
1.275840E-02	4.167901E-01	8.517545E-02	1.059476E-03
1.318519E-02	4.258667E-01	8.210725E-02	1.060485E-03
1.362625E-02	4.282987E-01	7.974634E-02	1.059442E-03
1.408207E-02	4.169442E-01	7.709523E-02	1.060547E-03
1.455314E-02	4.154553E-01	7.421153E-02	1.060714E-03
1.503997E-02	4.130024E-01	7.203895E-02	1.061740E-03
1.554308E-02	3.731515E-01	6.954779E-02	1.063548E-03
1.606302E-02	3.841569E-01	6.750870E-02	1.064731E-03
1.660035E-02	3.797306E-01	6.565272E-02	1.066141E-03
1.715566E-02	3.983295E-01	6.436319E-02	1.066504E-03
1.772954E-02	3.493572E-01	6.299626E-02	1.067264E-03
1.832262E-02	3.959495E-01	6.295659E-02	1.064998E-03
1.893554E-02	3.558177E-01	6.182607E-02	1.063089E-03
1.956896E-02	3.658488E-01	6.052911E-02	1.061341E-03
2.022358E-02	3.779826E-01	5.882531E-02	1.060290E-03
2.090009E-02	3.835106E-01	5.704829E-02	1.059410E-03
2.159923E-02	3.682856E-01	5.484265E-02	1.059191E-03
2.232175E-02	3.911435E-01	5.263512E-02	1.058852E-03
2.306845E-02	3.700055E-01	5.064687E-02	1.060433E-03
2.384013E-02	3.615291E-01	4.848703E-02	1.061336E-03
2.463761E-02	3.604163E-01	4.673286E-02	1.061537E-03
2.546178E-02	3.681646E-01	4.494797E-02	1.061868E-03
2.631352E-02	3.787716E-01	4.359193E-02	1.061737E-03
2.719375E-02	3.682370E-01	4.207433E-02	1.061928E-03
2.810342E-02	3.553744E-01	4.076992E-02	1.061597E-03
2.904352E-02	3.695989E-01	3.941501E-02	1.061477E-03
3.001507E-02	3.748219E-01	3.773710E-02	1.062681E-03
3.101912E-02	3.614880E-01	3.646749E-02	1.063147E-03
3.205676E-02	3.449416E-01	3.523983E-02	1.063697E-03
3.312911E-02	3.555248E-01	3.397330E-02	1.064134E-03
3.423733E-02	3.398486E-01	3.287133E-02	1.064600E-03
3.538262E-02	3.653050E-01	3.194981E-02	1.065016E-03
3.656622E-02	3.618908E-01	3.093647E-02	1.065554E-03
3.778942E-02	3.729597E-01	2.992757E-02	1.066764E-03
3.905354E-02	3.566194E-01	2.899698E-02	1.070056E-03
4.035994E-02	3.487553E-01	2.813096E-02	1.074835E-03
4.171004E-02	3.446287E-01	2.750420E-02	1.080092E-03
4.310531E-02	3.396788E-01	2.710464E-02	1.086193E-03
4.454724E-02	3.321842E-01	2.695173E-02	1.092940E-03
4.603742E-02	3.390422E-01	2.706878E-02	1.100380E-03
4.757744E-02	3.180645E-01	2.750541E-02	1.106783E-03
4.916898E-02	3.125531E-01	2.850641E-02	1.112315E-03
5.081376E-02	3.144825E-01	2.979322E-02	1.118151E-03
5.251356E-02	3.069810E-01	3.122668E-02	1.125314E-03
5.427022E-02	3.037107E-01	3.300368E-02	1.133856E-03
5.608564E-02	2.818295E-01	3.510964E-02	1.144020E-03
5.796179E-02	2.796345E-01	3.745103E-02	1.156923E-03
5.990071E-02	2.419777E-01	4.042571E-02	1.171039E-03
6.190448E-02	2.307814E-01	4.478757E-02	1.185498E-03
6.397528E-02	2.123198E-01	5.168471E-02	1.199627E-03
6.611535E-02	1.968632E-01	6.263335E-02	1.213747E-03
6.832701E-02	1.497422E-01	8.231732E-02	1.226954E-03
7.061266E-02	1.306212E-01	1.197660E-01	1.240459E-03
7.297476E-02	6.219136E-02	2.227786E-01	1.252666E-03
7.541588E-02	-1.405734E-03	6.366344E-01	1.263894E-03
