# I(Q)
#Q (1/A)        I (1/cm)        dI (1/cm)       dQ (1/A)
2.902290E-03	-2.156426E+00	5.206795E+00	9.444806E-04
2.999376E-03	5.707543E+00	3.712545E+00	9.723254E-04
3.099710E-03	1.144542E+01	3.259028E+00	9.681969E-04
3.203400E-03	1.043657E+01	2.682107E+00	9.946335E-04
3.310558E-03	1.442087E+01	2.410823E+00	1.001250E-03
3.421302E-03	8.542237E+00	1.660058E+00	1.004697E-03
3.535749E-03	8.777065E+00	9.998145E-01	9.793239E-04
3.654026E-03	8.615952E+00	7.284201E-01	9.902474E-04
3.776259E-03	6.866225E+00	5.965215E-01	1.004147E-03
3.902580E-03	7.257707E+00	5.123678E-01	1.014598E-03
4.033128E-03	7.073450E+00	4.511761E-01	1.026527E-03
4.168042E-03	6.929140E+00	3.908025E-01	1.029865E-03
4.307470E-03	6.141368E+00	3.370956E-01	1.036299E-03
4.451561E-03	4.596062E+00	2.801221E-01	1.043251E-03
4.600473E-03	4.546029E+00	2.575133E-01	1.045432E-03
4.754366E-03	3.798143E+00	2.411343E-01	1.047851E-03
4.913407E-03	3.380828E+00	2.198102E-01	1.047637E-03
5.077768E-03	3.086925E+00	2.098794E-01	1.050486E-03
5.247627E-03	2.366170E+00	1.874267E-01	1.048280E-03
5.423168E-03	2.192495E+00	1.725587E-01	1.053985E-03
5.604581E-03	1.930941E+00	1.651206E-01	1.057662E-03
5.792063E-03	1.635352E+00	1.536883E-01	1.057290E-03
5.985817E-03	1.627269E+00	1.514911E-01	1.050577E-03
6.186052E-03	1.579028E+00	1.413285E-01	1.052076E-03
6.392985E-03	1.322791E+00	1.291311E-01	1.057061E-03
6.606840E-03	1.112221E+00	1.238428E-01	1.057627E-03
6.827849E-03	9.645319E-01	1.203761E-01	1.054972E-03
7.056251E-03	1.024785E+00	1.156965E-01	1.054012E-03
7.292294E-03	8.671585E-01	1.089275E-01	1.057984E-03
7.536232E-03	8.303981E-01	1.045993E-01	1.060085E-03
7.788331E-03	7.501992E-01	1.006268E-01	1.059029E-03
8.048863E-03	6.618200E-01	9.824899E-02	1.059304E-03
8.318110E-03	6.532119E-01	9.499969E-02	1.058367E-03
8.596363E-03	6.728915E-01	9.080452E-02	1.059548E-03
8.883925E-03	5.859613E-01	8.791705E-02	1.060141E-03
9.181106E-03	6.512848E-01	8.501165E-02	1.059961E-03
9.488228E-03	5.080626E-01	8.220525E-02	1.057490E-03
9.805624E-03	5.551930E-01	7.876058E-02	1.060722E-03
1.013364E-02	5.454155E-01	7.673828E-02	1.060378E-03
1.047262E-02	5.301359E-01	7.486038E-02	1.058707E-03
1.082295E-02	4.830045E-01	7.166226E-02	1.059937E-03
1.118499E-02	4.865720E-01	6.990943E-02	1.059625E-03
1.155915E-02	4.689064E-01	6.790978E-02	1.059048E-03
1.194582E-02	4.644553E-01	6.512394E-02	1.060376E-03
1.234543E-02	4.354470E-01	6.318828E-02	1.059963E-03
1.275840E-02	4.145016E-01	6.141839E-02	1.059476E-03
1.318519E-02	4.250626E-01	5.915469E-02	1.060485E-03
1.362625E-02	4.404236E-01	5.746472E-02	1.059442E-03
1.408207E-02	4.181530E-01	5.557534E-02	1.060547E-03
1.455314E-02	3.996606E-01	5.347680E-02	1.060714E-03
1.503997E-02	4.051507E-01	5.193777E-02	1.061740E-03
1.554308E-02	3.761583E-01	5.012991E-02	1.063548E-03
1.606302E-02	3.964466E-01	4.869786E-02	1.064731E-03
1.660035E-02	3.718463E-01	4.732133E-02	1.066141E-03
1.715566E-02	3.932438E-01	4.638321E-02	1.066504E-03
1.772954E-02	3.604077E-01	4.538247E-02	1.067264E-03
1.832262E-02	3.880163E-01	4.536427E-02	1.064998E-03
1.893554E-02	3.671169E-01	4.454878E-02	1.063089E-03
1.956896E-02	3.627197E-01	4.363029E-02	1.061341E-03
2.022358E-02	3.841136E-01	4.239556E-02	1.060290E-03
2.090008E-02	3.770996E-01	4.110350E-02	1.059410E-03
2.159923E-02	3.611653E-01	3.950739E-02	1.059191E-03
2.232175E-02	3.877618E-01	3.793944E-02	1.058852E-03
2.306845E-02	3.735215E-01	3.648445E-02	1.060433E-03
2.384013E-02	3.552470E-01	3.493501E-02	1.061336E-03
2.463761E-02	3.551388E-01	3.366576E-02	1.061537E-03
2.546178E-02	3.617341E-01	3.238331E-02	1.061868E-03
2.631352E-02	3.712910E-01	3.140971E-02	1.061737E-03
2.719375E-02	3.653154E-01	3.031678E-02	1.061928E-03
2.810342E-02	3.641607E-01	2.937282E-02	1.061597E-03
2.904352E-02	3.683062E-01	2.840286E-02	1.061477E-03
3.001507E-02	3.578849E-01	2.718933E-02	1.062681E-03
3.101912E-02	3.571654E-01	2.626836E-02	1.063147E-03
3.205676E-02	3.554158E-01	2.539563E-02	1.063697E-03
3.312911E-02	3.562675E-01	2.447684E-02	1.064134E-03
3.423733E-02	3.430840E-01	2.367990E-02	1.064600E-03
3.538262E-02	3.564430E-01	2.302140E-02	1.065016E-03
3.656622E-02	3.511648E-01	2.228695E-02	1.065554E-03
3.778942E-02	3.676332E-01	2.156248E-02	1.066764E-03
3.905354E-02	3.490676E-01	2.089008E-02	1.070056E-03
4.035994E-02	3.440392E-01	2.027041E-02	1.074835E-03
4.171004E-02	3.408807E-01	1.981850E-02	1.080092E-03
4.310531E-02	3.425773E-01	1.953197E-02	1.086193E-03
4.454724E-02	3.335914E-01	1.941744E-02	1.092940E-03
4.603742E-02	3.291312E-01	1.950395E-02	1.100380E-03
4.757744E-02	3.202015E-01	1.982529E-02	1.106783E-03
4.916898E-02	3.119385E-01	2.053767E-02	1.112315E-03
5.081376E-02	3.086196E-01	2.146503E-02	1.118151E-03
5.251356E-02	2.977487E-01	2.250145E-02	1.125314E-03
5.427022E-02	3.021171E-01	2.379378E-02	1.133856E-03
5.608564E-02	2.817218E-01	2.531201E-02	1.144020E-03
5.796179E-02	2.709221E-01	2.699924E-02	1.156923E-03
5.990071E-02	2.526620E-01	2.914576E-02	1.171039E-03
6.190448E-02	2.162911E-01	3.227800E-02	1.185498E-03
6.397528E-02	2.021367E-01	3.724668E-02	1.199627E-03
6.611535E-02	1.998468E-01	4.516350E-02	1.213747E-03
6.832701E-02	1.441996E-01	5.936872E-02	1.226954E-03
7.061266E-02	1.369477E-01	8.626504E-02	1.240459E-03
7.297476E-02	4.796999E-02	1.605163E-01	1.252666E-03
7.541588E-02	-2.557289E-03	4.582988E-01	1.263894E-03
