# I(Q)
#Q (1/A)        I (1/cm)        dI (1/cm)       dQ (1/A)
2.902290E-03	-2.169390E+00	5.207504E+00	9.444806E-04
2.999376E-03	5.696309E+00	3.712919E+00	9.723254E-04
3.099710E-03	1.143763E+01	3.259149E+00	9.681969E-04
3.203400E-03	1.043100E+01	2.682196E+00	9.946335E-04
3.310558E-03	1.441626E+01	2.410874E+00	1.001250E-03
3.421302E-03	8.536562E+00	1.660123E+00	1.004697E-03
3.535749E-03	8.773526E+00	9.998451E-01	9.793239E-04
3.654026E-03	8.612869E+00	7.284426E-01	9.902474E-04
3.776259E-03	6.863423E+00	5.965417E-01	1.004147E-03
3.902580E-03	7.254600E+00	5.123888E-01	1.014598E-03
4.033128E-03	7.070144E+00	4.511953E-01	1.026527E-03
4.168042E-03	6.925733E+00	3.908194E-01	1.029865E-03
4.307470E-03	6.137906E+00	3.371117E-01	1.036299E-03
4.451561E-03	4.592520E+00	2.801382E-01	1.043251E-03
4.600473E-03	4.542801E+00	2.575265E-01	1.045432E-03
4.754366E-03	3.794833E+00	2.411473E-01	1.047851E-03
4.913407E-03	3.377694E+00	2.198226E-01	1.047637E-03
5.077768E-03	3.083753E+00	2.098922E-01	1.050486E-03
5.247627E-03	2.362977E+00	1.874385E-01	1.048280E-03
5.423168E-03	2.189494E+00	1.725696E-01	1.053985E-03
5.604581E-03	1.928004E+00	1.651315E-01	1.057662E-03
5.792063E-03	1.632284E+00	1.536992E-01	1.057290E-03
5.985817E-03	1.624087E+00	1.515014E-01	1.050577E-03
6.186052E-03	1.575911E+00	1.413386E-01	1.052076E-03
6.392985E-03	1.319818E+00	1.291405E-01	1.057061E-03
6.606840E-03	1.109226E+00	1.238523E-01	1.057627E-03
6.827849E-03	9.616055E-01	1.203855E-01	1.054972E-03
7.056251E-03	1.021777E+00	1.157056E-01	1.054012E-03
7.292294E-03	8.641862E-01	1.089364E-01	1.057984E-03
7.536232E-03	8.273473E-01	1.046080E-01	1.060085E-03
7.788331E-03	7.472989E-01	1.006348E-01	1.059029E-03
8.048863E-03	6.590302E-01	9.825637E-02	1.059304E-03
8.318110E-03	6.504668E-01	9.500659E-02	1.058367E-03
8.596363E-03	6.701708E-01	9.081124E-02	1.059548E-03
8.883925E-03	5.832536E-01	8.792361E-02	1.060141E-03
9.181106E-03	6.485001E-01	8.501819E-02	1.059961E-03
9.488228E-03	5.053540E-01	8.221136E-02	1.057490E-03
9.805624E-03	5.525811E-01	7.876626E-02	1.060722E-03
1.013364E-02	5.427639E-01	7.674380E-02	1.060378E-03
1.047262E-02	5.275279E-01	7.486569E-02	1.058707E-03
1.082295E-02	4.803329E-01	7.166748E-02	1.059937E-03
1.118499E-02	4.838297E-01	6.991456E-02	1.059625E-03
1.155915E-02	4.660206E-01	6.791490E-02	1.059048E-03
1.194582E-02	4.615847E-01	6.512878E-02	1.060376E-03
1.234543E-02	4.325552E-01	6.319298E-02	1.059963E-03
1.275840E-02	4.114452E-01	6.142326E-02	1.059476E-03
1.318519E-02	4.220107E-01	5.915946E-02	1.060485E-03
1.362625E-02	4.373541E-01	5.746929E-02	1.059442E-03
1.408207E-02	4.150608E-01	5.557977E-02	1.060547E-03
1.455314E-02	3.965251E-01	5.348108E-02	1.060714E-03
1.503997E-02	4.019879E-01	5.194186E-02	1.061740E-03
1.554308E-02	3.730379E-01	5.013384E-02	1.063548E-03
1.606302E-02	3.933464E-01	4.870168E-02	1.064731E-03
1.660035E-02	3.688300E-01	4.732502E-02	1.066141E-03
1.715566E-02	3.903299E-01	4.638676E-02	1.066504E-03
1.772954E-02	3.574702E-01	4.538595E-02	1.067264E-03
1.832262E-02	3.849980E-01	4.536781E-02	1.064998E-03
1.893554E-02	3.640629E-01	4.455230E-02	1.063089E-03
1.956896E-02	3.595857E-01	4.363380E-02	1.061341E-03
2.022358E-02	3.809871E-01	4.239898E-02	1.060290E-03
2.090008E-02	3.739395E-01	4.110678E-02	1.059410E-03
2.159923E-02	3.580070E-01	3.951053E-02	1.059191E-03
2.232175E-02	3.846459E-01	3.794238E-02	1.058852E-03
2.306845E-02	3.704323E-01	3.648728E-02	1.060433E-03
2.384013E-02	3.521889E-01	3.493772E-02	1.061336E-03
2.463761E-02	3.521400E-01	3.366833E-02	1.061537E-03
2.546178E-02	3.587510E-01	3.238578E-02	1.061868E-03
2.631352E-02	3.683217E-01	3.141210E-02	1.061737E-03
2.719375E-02	3.623561E-01	3.031910E-02	1.061928E-03
2.810342E-02	3.612391E-01	2.937506E-02	1.061597E-03
2.904352E-02	3.653844E-01	2.840502E-02	1.061477E-03
3.001507E-02	3.549810E-01	2.719141E-02	1.062681E-03
3.101912E-02	3.542489E-01	2.627038E-02	1.063147E-03
3.205676E-02	3.524848E-01	2.539759E-02	1.063697E-03
3.312911E-02	3.533895E-01	2.447869E-02	1.064134E-03
3.423733E-02	3.402185E-01	2.368167E-02	1.064600E-03
3.538262E-02	3.535720E-01	2.302313E-02	1.065016E-03
3.656622E-02	3.483049E-01	2.228862E-02	1.065554E-03
3.778942E-02	3.647778E-01	2.156409E-02	1.066764E-03
3.905354E-02	3.462203E-01	2.089168E-02	1.070056E-03
4.035994E-02	3.412396E-01	2.027195E-02	1.074835E-03
4.171004E-02	3.381059E-01	1.982001E-02	1.080092E-03
4.310531E-02	3.398611E-01	1.953346E-02	1.086193E-03
4.454724E-02	3.309313E-01	1.941892E-02	1.092940E-03
4.603742E-02	3.265261E-01	1.950544E-02	1.100380E-03
4.757744E-02	3.176587E-01	1.982681E-02	1.106783E-03
4.916898E-02	3.094533E-01	2.053923E-02	1.112315E-03
5.081376E-02	3.061875E-01	2.146667E-02	1.118151E-03
5.251356E-02	2.954019E-01	2.250315E-02	1.125314E-03
5.427022E-02	2.998784E-01	2.379555E-02	1.133856E-03
5.608564E-02	2.795970E-01	2.531389E-02	1.144020E-03
5.796179E-02	2.689180E-01	2.700125E-02	1.156923E-03
5.990071E-02	2.508108E-01	2.914790E-02	1.171039E-03
6.190448E-02	2.145521E-01	3.228037E-02	1.185498E-03
6.397528E-02	2.005174E-01	3.724937E-02	1.199627E-03
6.611535E-02	1.983232E-01	4.516676E-02	1.213747E-03
6.832701E-02	1.427772E-01	5.937289E-02	1.226954E-03
7.061266E-02	1.356032E-01	8.627105E-02	1.240459E-03
7.297476E-02	4.658740E-02	1.605284E-01	1.252666E-03
7.541588E-02	-3.684293E-03	4.583321E-01	1.263894E-03
