# I(Q)
#Q (1/A)        I (1/cm)        dI (1/cm)       dQ (1/A)
2.902115E-03	1.627100E+01	1.337271E+01	9.444528E-04
2.999197E-03	3.168472E+01	1.168210E+01	9.723254E-04
3.099527E-03	1.332068E+01	6.010195E+00	9.681857E-04
3.203213E-03	2.368925E+01	6.593173E+00	9.946279E-04
3.310367E-03	1.791534E+01	5.022486E+00	1.001243E-03
3.421106E-03	1.697559E+01	3.855279E+00	1.004692E-03
3.535550E-03	1.113943E+01	2.084332E+00	9.793092E-04
3.653821E-03	1.513991E+01	1.654568E+00	9.908595E-04
3.776050E-03	1.450316E+01	1.361270E+00	1.003435E-03
3.902367E-03	1.318369E+01	1.167679E+00	1.014594E-03
4.032909E-03	1.139176E+01	9.946405E-01	1.026784E-03
4.167819E-03	1.188642E+01	8.896670E-01	1.029643E-03
4.307242E-03	1.092575E+01	7.786841E-01	1.036295E-03
4.451328E-03	1.064545E+01	6.876831E-01	1.043247E-03
4.600235E-03	9.518808E+00	6.173143E-01	1.045430E-03
4.754123E-03	9.285865E+00	6.066420E-01	1.047849E-03
4.913159E-03	9.384459E+00	5.669154E-01	1.047855E-03
5.077514E-03	8.373244E+00	5.188299E-01	1.050271E-03
5.247368E-03	7.743333E+00	4.843136E-01	1.048397E-03
5.422904E-03	7.766243E+00	4.520482E-01	1.053394E-03
5.604312E-03	7.331231E+00	4.265230E-01	1.058219E-03
5.791789E-03	6.752632E+00	4.017814E-01	1.057171E-03
5.985537E-03	6.524954E+00	3.928328E-01	1.050334E-03
6.185766E-03	5.603151E+00	3.626655E-01	1.052230E-03
6.392693E-03	5.852704E+00	3.374150E-01	1.057189E-03
6.606543E-03	5.601606E+00	3.263856E-01	1.057535E-03
6.827546E-03	5.843557E+00	3.198021E-01	1.054893E-03
7.055942E-03	5.382618E+00	3.041338E-01	1.054084E-03
7.291979E-03	5.116389E+00	2.872049E-01	1.057902E-03
7.535912E-03	4.953453E+00	2.743986E-01	1.060190E-03
7.788004E-03	4.758916E+00	2.654599E-01	1.058879E-03
8.048530E-03	4.817265E+00	2.592480E-01	1.059420E-03
8.317771E-03	4.397850E+00	2.492549E-01	1.058299E-03
8.596019E-03	4.319053E+00	2.382639E-01	1.059540E-03
8.883574E-03	4.167025E+00	2.299341E-01	1.060190E-03
9.180749E-03	4.256913E+00	2.239048E-01	1.059924E-03
9.487865E-03	3.950792E+00	2.151548E-01	1.057497E-03
9.805255E-03	3.787154E+00	2.056381E-01	1.060603E-03
1.013326E-02	3.697803E+00	2.007234E-01	1.060503E-03
1.047224E-02	3.770614E+00	1.958672E-01	1.058628E-03
1.082256E-02	3.545437E+00	1.870917E-01	1.060003E-03
1.118460E-02	3.385834E+00	1.817824E-01	1.059619E-03
1.155875E-02	3.428519E+00	1.772096E-01	1.059062E-03
1.194541E-02	3.318756E+00	1.692854E-01	1.060361E-03
1.234501E-02	3.058494E+00	1.638401E-01	1.059989E-03
1.275798E-02	3.009640E+00	1.594144E-01	1.059399E-03
1.318476E-02	2.893385E+00	1.532572E-01	1.060445E-03
1.362582E-02	2.868074E+00	1.488982E-01	1.059588E-03
1.408164E-02	2.688400E+00	1.433535E-01	1.060481E-03
1.455270E-02	2.681416E+00	1.384702E-01	1.060724E-03
1.503952E-02	2.548532E+00	1.341133E-01	1.061770E-03
1.554262E-02	2.343060E+00	1.293644E-01	1.063516E-03
1.606256E-02	2.342032E+00	1.255361E-01	1.064721E-03
1.659988E-02	2.311379E+00	1.221428E-01	1.066154E-03
1.715519E-02	2.229095E+00	1.195112E-01	1.066485E-03
1.772906E-02	2.045093E+00	1.168485E-01	1.067255E-03
1.832214E-02	2.023711E+00	1.168114E-01	1.065010E-03
1.893506E-02	1.970243E+00	1.145741E-01	1.063063E-03
1.956847E-02	1.878790E+00	1.122901E-01	1.061357E-03
2.022308E-02	1.773694E+00	1.089058E-01	1.060281E-03
2.089959E-02	1.678208E+00	1.056238E-01	1.059401E-03
2.159873E-02	1.685689E+00	1.014592E-01	1.059158E-03
2.232125E-02	1.594783E+00	9.728691E-02	1.058892E-03
2.306795E-02	1.494510E+00	9.350695E-02	1.060405E-03
2.383962E-02	1.485998E+00	8.962005E-02	1.061356E-03
2.463711E-02	1.370162E+00	8.628589E-02	1.061552E-03
2.546127E-02	1.348615E+00	8.300885E-02	1.061868E-03
2.631301E-02	1.311896E+00	8.054128E-02	1.061662E-03
2.719323E-02	1.251957E+00	7.767325E-02	1.061987E-03
2.810291E-02	1.207001E+00	7.525465E-02	1.061573E-03
2.904301E-02	1.151639E+00	7.270442E-02	1.061497E-03
3.001456E-02	1.102677E+00	6.961478E-02	1.062692E-03
3.101861E-02	1.133832E+00	6.724749E-02	1.063153E-03
3.205625E-02	1.030450E+00	6.499170E-02	1.063670E-03
3.312861E-02	1.033104E+00	6.265919E-02	1.064164E-03
3.423683E-02	9.319272E-01	6.059171E-02	1.064589E-03
3.538213E-02	9.443719E-01	5.888147E-02	1.065023E-03
3.656574E-02	8.945254E-01	5.704464E-02	1.065548E-03
3.778894E-02	8.424493E-01	5.513166E-02	1.066774E-03
3.905306E-02	8.603483E-01	5.342385E-02	1.070059E-03
4.035947E-02	8.056926E-01	5.181277E-02	1.074844E-03
4.170958E-02	7.941276E-01	5.065831E-02	1.080083E-03
4.310486E-02	7.325340E-01	4.986960E-02	1.086210E-03
4.454681E-02	7.300409E-01	4.957116E-02	1.092939E-03
4.603700E-02	7.043750E-01	4.976072E-02	1.100375E-03
4.757704E-02	6.901427E-01	5.056254E-02	1.106778E-03
4.916859E-02	6.693684E-01	5.236334E-02	1.112339E-03
5.081339E-02	6.181249E-01	5.470799E-02	1.118147E-03
5.251321E-02	5.900654E-01	5.732609E-02	1.125327E-03
5.426989E-02	5.500006E-01	6.052514E-02	1.133845E-03
5.608534E-02	5.373518E-01	6.426279E-02	1.144012E-03
5.796151E-02	5.023077E-01	6.847456E-02	1.156933E-03
5.990045E-02	4.818349E-01	7.373567E-02	1.171031E-03
6.190425E-02	4.555261E-01	8.161356E-02	1.185492E-03
6.397508E-02	4.372770E-01	9.385193E-02	1.199639E-03
6.611519E-02	4.234282E-01	1.139057E-01	1.213747E-03
6.832689E-02	3.159308E-01	1.493770E-01	1.226954E-03
7.061257E-02	2.544289E-01	2.172100E-01	1.240459E-03
7.297471E-02	2.846471E-01	4.028192E-01	1.252666E-03
7.541588E-02	3.540905E-01	1.152026E+00	1.263894E-03
