# I(Q)
#Q (1/A)        I (1/cm)        dI (1/cm)       dQ (1/A)
2.902115E-03	-2.142791E+00	2.621809E+01	9.444528E-04
2.999197E-03	3.174305E+01	1.821543E+01	9.723254E-04
3.099527E-03	1.648818E+01	1.176043E+01	9.681857E-04
3.203213E-03	2.500467E+01	1.049719E+01	9.946279E-04
3.310367E-03	1.896303E+01	8.190314E+00	1.001243E-03
3.421106E-03	1.909809E+01	6.559175E+00	1.004692E-03
3.535550E-03	9.536095E+00	3.737869E+00	9.793092E-04
3.653821E-03	1.481833E+01	2.862149E+00	9.908595E-04
3.776050E-03	1.268784E+01	2.300123E+00	1.003435E-03
3.902367E-03	1.287459E+01	2.057919E+00	1.014594E-03
4.032909E-03	1.258754E+01	1.780828E+00	1.026784E-03
4.167819E-03	1.270734E+01	1.554584E+00	1.029643E-03
4.307242E-03	1.152861E+01	1.373512E+00	1.036295E-03
4.451328E-03	1.024140E+01	1.225176E+00	1.043247E-03
4.600235E-03	9.533094E+00	1.120553E+00	1.045430E-03
4.754123E-03	8.311526E+00	1.087454E+00	1.047849E-03
4.913159E-03	9.251819E+00	1.026358E+00	1.047855E-03
5.077514E-03	7.937432E+00	9.537348E-01	1.050271E-03
5.247368E-03	7.664569E+00	8.892082E-01	1.048397E-03
5.422904E-03	8.382369E+00	8.349001E-01	1.053394E-03
5.604312E-03	7.349808E+00	7.922559E-01	1.058219E-03
5.791789E-03	6.767080E+00	7.447180E-01	1.057171E-03
5.985537E-03	6.580506E+00	7.305864E-01	1.050334E-03
6.185766E-03	5.518682E+00	6.790972E-01	1.052230E-03
6.392693E-03	5.958234E+00	6.325175E-01	1.057190E-03
6.606543E-03	5.677107E+00	6.145237E-01	1.057535E-03
6.827546E-03	5.798567E+00	6.027380E-01	1.054893E-03
7.055942E-03	5.562400E+00	5.748891E-01	1.054084E-03
7.291979E-03	5.201316E+00	5.423186E-01	1.057902E-03
7.535912E-03	4.739918E+00	5.197203E-01	1.060190E-03
7.788004E-03	4.820344E+00	5.054999E-01	1.058879E-03
8.048530E-03	5.007619E+00	4.926130E-01	1.059421E-03
8.317771E-03	4.579366E+00	4.761313E-01	1.058299E-03
8.596018E-03	4.423180E+00	4.573154E-01	1.059540E-03
8.883574E-03	4.059794E+00	4.410387E-01	1.060190E-03
9.180749E-03	4.190742E+00	4.271211E-01	1.059924E-03
9.487865E-03	4.149744E+00	4.135366E-01	1.057497E-03
9.805255E-03	3.642980E+00	3.960145E-01	1.060603E-03
1.013326E-02	3.518643E+00	3.850957E-01	1.060503E-03
1.047224E-02	3.912179E+00	3.768860E-01	1.058628E-03
1.082256E-02	3.557378E+00	3.605254E-01	1.060003E-03
1.118460E-02	3.420936E+00	3.507553E-01	1.059619E-03
1.155875E-02	3.623360E+00	3.421228E-01	1.059062E-03
1.194541E-02	3.308408E+00	3.270529E-01	1.060361E-03
1.234501E-02	3.126345E+00	3.171928E-01	1.059989E-03
1.275798E-02	3.159269E+00	3.085661E-01	1.059399E-03
1.318476E-02	2.842120E+00	2.973459E-01	1.060445E-03
1.362582E-02	2.824012E+00	2.885014E-01	1.059588E-03
1.408164E-02	2.622648E+00	2.785541E-01	1.060481E-03
1.455270E-02	2.697693E+00	2.686863E-01	1.060724E-03
1.503952E-02	2.484850E+00	2.606148E-01	1.061770E-03
1.554262E-02	2.307736E+00	2.513826E-01	1.063516E-03
1.606256E-02	2.342202E+00	2.440242E-01	1.064721E-03
1.659988E-02	2.313268E+00	2.371250E-01	1.066154E-03
1.715519E-02	2.279810E+00	2.325410E-01	1.066485E-03
1.772906E-02	1.961257E+00	2.274990E-01	1.067255E-03
1.832214E-02	1.978800E+00	2.275587E-01	1.065010E-03
1.893506E-02	2.030596E+00	2.232993E-01	1.063063E-03
1.956847E-02	1.908958E+00	2.188379E-01	1.061357E-03
2.022308E-02	1.797499E+00	2.124786E-01	1.060281E-03
2.089959E-02	1.666214E+00	2.060713E-01	1.059408E-03
2.159873E-02	1.715314E+00	1.981049E-01	1.059152E-03
2.232125E-02	1.536691E+00	1.899583E-01	1.058892E-03
2.306795E-02	1.580849E+00	1.827963E-01	1.060405E-03
2.383962E-02	1.522392E+00	1.751031E-01	1.061356E-03
2.463711E-02	1.385400E+00	1.686016E-01	1.061552E-03
2.546127E-02	1.360840E+00	1.622067E-01	1.061868E-03
2.631301E-02	1.278560E+00	1.573835E-01	1.061662E-03
2.719323E-02	1.272777E+00	1.518224E-01	1.061987E-03
2.810291E-02	1.237783E+00	1.471671E-01	1.061573E-03
2.904301E-02	1.151707E+00	1.422090E-01	1.061497E-03
3.001456E-02	1.125423E+00	1.361983E-01	1.062692E-03
3.101861E-02	1.134852E+00	1.315706E-01	1.063153E-03
3.205625E-02	1.015173E+00	1.271822E-01	1.063670E-03
3.312861E-02	1.023201E+00	1.226149E-01	1.064164E-03
3.423683E-02	9.345861E-01	1.186272E-01	1.064589E-03
3.538213E-02	9.400222E-01	1.152324E-01	1.065023E-03
3.656574E-02	8.792272E-01	1.116659E-01	1.065548E-03
3.778894E-02	8.252056E-01	1.079469E-01	1.066774E-03
3.905306E-02	8.609188E-01	1.045889E-01	1.070059E-03
4.035947E-02	7.921716E-01	1.014386E-01	1.074844E-03
4.170958E-02	7.883257E-01	9.917250E-02	1.080083E-03
4.310486E-02	7.110365E-01	9.763891E-02	1.086210E-03
4.454681E-02	7.219938E-01	9.706748E-02	1.092939E-03
4.603700E-02	6.975899E-01	9.742868E-02	1.100375E-03
4.757704E-02	6.932456E-01	9.899039E-02	1.106778E-03
4.916859E-02	6.635013E-01	1.025298E-01	1.112339E-03
5.081339E-02	5.974450E-01	1.070859E-01	1.118147E-03
5.251321E-02	5.948840E-01	1.122345E-01	1.125327E-03
5.426989E-02	5.500073E-01	1.185105E-01	1.133845E-03
5.608534E-02	5.380236E-01	1.258488E-01	1.144012E-03
5.796151E-02	5.237837E-01	1.340779E-01	1.156933E-03
5.990045E-02	5.002298E-01	1.443595E-01	1.171031E-03
6.190425E-02	4.296122E-01	1.597345E-01	1.185492E-03
6.397508E-02	4.473783E-01	1.837762E-01	1.199639E-03
6.611519E-02	4.303693E-01	2.227978E-01	1.213747E-03
6.832689E-02	2.784265E-01	2.923346E-01	1.226954E-03
7.061257E-02	1.932671E-01	4.248509E-01	1.240459E-03
7.297471E-02	3.059975E-01	7.890433E-01	1.252666E-03
7.541588E-02	7.094114E-01	2.256525E+00	1.263894E-03
