# I(Q)
#Q (1/A)        I (1/cm)        dI (1/cm)       dQ (1/A)
2.902202E-03	1.313525E+01	7.491714E+00	9.444667E-04
2.999286E-03	1.784604E+01	5.362144E+00	9.723254E-04
3.099618E-03	1.485557E+01	3.519852E+00	9.681913E-04
3.203306E-03	1.768774E+01	3.289825E+00	9.946307E-04
3.310463E-03	1.395728E+01	2.405326E+00	1.001247E-03
3.421204E-03	1.669468E+01	2.066575E+00	1.004694E-03
3.535649E-03	1.084491E+01	1.054269E+00	9.793165E-04
3.653924E-03	1.471034E+01	8.846735E-01	9.908619E-04
3.776154E-03	1.374958E+01	7.232752E-01	1.003437E-03
3.902474E-03	1.152503E+01	5.924479E-01	1.014596E-03
4.033019E-03	1.180261E+01	5.317004E-01	1.026526E-03
4.167931E-03	1.225676E+01	4.775527E-01	1.029862E-03
4.307356E-03	1.050322E+01	3.936870E-01	1.036297E-03
4.451445E-03	1.040937E+01	3.547481E-01	1.043249E-03
4.600354E-03	9.650389E+00	3.157518E-01	1.045431E-03
4.754244E-03	8.829285E+00	2.972971E-01	1.047850E-03
4.913283E-03	9.460383E+00	2.854034E-01	1.047857E-03
5.077641E-03	8.131842E+00	2.586821E-01	1.050273E-03
5.247498E-03	7.938127E+00	2.357893E-01	1.048398E-03
5.423036E-03	7.524664E+00	2.182389E-01	1.053534E-03
5.604447E-03	7.129225E+00	2.059849E-01	1.058099E-03
5.791926E-03	6.978226E+00	1.937165E-01	1.057172E-03
5.985677E-03	6.447850E+00	1.863095E-01	1.050438E-03
6.185909E-03	6.000161E+00	1.711390E-01	1.052279E-03
6.392839E-03	5.905503E+00	1.582122E-01	1.057069E-03
6.606691E-03	5.621713E+00	1.514990E-01	1.057479E-03
6.827698E-03	5.760350E+00	1.481421E-01	1.054968E-03
7.056097E-03	5.547362E+00	1.403606E-01	1.054065E-03
7.292136E-03	4.979599E+00	1.302307E-01	1.057903E-03
7.536072E-03	4.915478E+00	1.244917E-01	1.060191E-03
7.788168E-03	4.922605E+00	1.202628E-01	1.058942E-03
8.048696E-03	4.615460E+00	1.157194E-01	1.059353E-03
8.317940E-03	4.483456E+00	1.115272E-01	1.058310E-03
8.596191E-03	4.314324E+00	1.056044E-01	1.059480E-03
8.883750E-03	4.192444E+00	1.015558E-01	1.060250E-03
9.180927E-03	4.192495E+00	9.830886E-02	1.059960E-03
9.488047E-03	4.016098E+00	9.455401E-02	1.057465E-03
9.805440E-03	3.962059E+00	9.028474E-02	1.060582E-03
1.013345E-02	3.808979E+00	8.740929E-02	1.060557E-03
1.047243E-02	3.614852E+00	8.429230E-02	1.058673E-03
1.082275E-02	3.556096E+00	8.067004E-02	1.059937E-03
1.118480E-02	3.422439E+00	7.813604E-02	1.059627E-03
1.155895E-02	3.335471E+00	7.562320E-02	1.059041E-03
1.194562E-02	3.241812E+00	7.224596E-02	1.060365E-03
1.234522E-02	3.031191E+00	6.953147E-02	1.059981E-03
1.275819E-02	2.949607E+00	6.733731E-02	1.059443E-03
1.318498E-02	2.835354E+00	6.441033E-02	1.060474E-03
1.362604E-02	2.923181E+00	6.285051E-02	1.059513E-03
1.408185E-02	2.722948E+00	6.032164E-02	1.060507E-03
1.455292E-02	2.592508E+00	5.781949E-02	1.060714E-03
1.503974E-02	2.520654E+00	5.602378E-02	1.061770E-03
1.554285E-02	2.376971E+00	5.382695E-02	1.063534E-03
1.606279E-02	2.318423E+00	5.214825E-02	1.064706E-03
1.660012E-02	2.195708E+00	5.054671E-02	1.066165E-03
1.715542E-02	2.182188E+00	4.945614E-02	1.066500E-03
1.772930E-02	2.105590E+00	4.821554E-02	1.067243E-03
1.832238E-02	2.013795E+00	4.798294E-02	1.065014E-03
1.893530E-02	1.903562E+00	4.686545E-02	1.063074E-03
1.956872E-02	1.853389E+00	4.582206E-02	1.061366E-03
2.022333E-02	1.776420E+00	4.439192E-02	1.060272E-03
2.089984E-02	1.697992E+00	4.296880E-02	1.059400E-03
2.159898E-02	1.648825E+00	4.123253E-02	1.059155E-03
2.232150E-02	1.548370E+00	3.945317E-02	1.058880E-03
2.306820E-02	1.518799E+00	3.791018E-02	1.060424E-03
2.383987E-02	1.493539E+00	3.632932E-02	1.061339E-03
2.463736E-02	1.379436E+00	3.485077E-02	1.061546E-03
2.546153E-02	1.351307E+00	3.351389E-02	1.061872E-03
2.631326E-02	1.285941E+00	3.245564E-02	1.061688E-03
2.719349E-02	1.252926E+00	3.129071E-02	1.061972E-03
2.810316E-02	1.190653E+00	3.025623E-02	1.061583E-03
2.904326E-02	1.148427E+00	2.922462E-02	1.061495E-03
3.001482E-02	1.098996E+00	2.796844E-02	1.062673E-03
3.101887E-02	1.101234E+00	2.700794E-02	1.063149E-03
3.205651E-02	1.023490E+00	2.606518E-02	1.063678E-03
3.312886E-02	1.005029E+00	2.510239E-02	1.064161E-03
3.423708E-02	9.465448E-01	2.424873E-02	1.064589E-03
3.538237E-02	9.297824E-01	2.356207E-02	1.065021E-03
3.656598E-02	8.909012E-01	2.281862E-02	1.065557E-03
3.778918E-02	8.793663E-01	2.204822E-02	1.066766E-03
3.905330E-02	8.399279E-01	2.135472E-02	1.070062E-03
4.035970E-02	8.046244E-01	2.070207E-02	1.074837E-03
4.170981E-02	7.895200E-01	2.023896E-02	1.080092E-03
4.310508E-02	7.385094E-01	1.991499E-02	1.086193E-03
4.454703E-02	7.075308E-01	1.980333E-02	1.092943E-03
4.603721E-02	6.951199E-01	1.988557E-02	1.100379E-03
4.757724E-02	6.762806E-01	2.020451E-02	1.106785E-03
4.916879E-02	6.485854E-01	2.091768E-02	1.112323E-03
5.081357E-02	6.296327E-01	2.184844E-02	1.118147E-03
5.251338E-02	5.934753E-01	2.288584E-02	1.125329E-03
5.427005E-02	5.798437E-01	2.416772E-02	1.133856E-03
5.608549E-02	5.662151E-01	2.570140E-02	1.144002E-03
5.796165E-02	5.169352E-01	2.739425E-02	1.156925E-03
5.990058E-02	5.180082E-01	2.954563E-02	1.171039E-03
6.190436E-02	4.597347E-01	3.270751E-02	1.185504E-03
6.397518E-02	4.224029E-01	3.761204E-02	1.199627E-03
6.611527E-02	3.940033E-01	4.557982E-02	1.213747E-03
6.832695E-02	3.486999E-01	5.993425E-02	1.226954E-03
7.061261E-02	3.187849E-01	8.696364E-02	1.240459E-03
7.297474E-02	2.574667E-01	1.608612E-01	1.252666E-03
7.541588E-02	6.727363E-01	4.590416E-01	1.263894E-03
