# I(Q)
#Q (1/A)        I (1/cm)        dI (1/cm)       dQ (1/A)
2.902202E-03	1.308189E+01	7.494654E+00	9.444667E-04
2.999286E-03	1.779995E+01	5.363680E+00	9.723254E-04
3.099618E-03	1.482364E+01	3.520515E+00	9.681913E-04
3.203306E-03	1.766499E+01	3.290251E+00	9.946307E-04
3.310463E-03	1.393845E+01	2.405628E+00	1.001247E-03
3.421204E-03	1.667144E+01	2.066882E+00	1.004694E-03
3.535649E-03	1.083041E+01	1.054442E+00	9.793165E-04
3.653924E-03	1.469776E+01	8.847862E-01	9.908619E-04
3.776154E-03	1.373806E+01	7.233721E-01	1.003437E-03
3.902474E-03	1.151231E+01	5.925557E-01	1.014596E-03
4.033019E-03	1.178909E+01	5.317967E-01	1.026526E-03
4.167931E-03	1.224282E+01	4.776347E-01	1.029862E-03
4.307356E-03	1.048907E+01	3.937688E-01	1.036297E-03
4.451445E-03	1.039489E+01	3.548234E-01	1.043249E-03
4.600354E-03	9.637207E+00	3.158157E-01	1.045431E-03
4.754244E-03	8.815775E+00	2.973594E-01	1.047850E-03
4.913283E-03	9.447751E+00	2.854598E-01	1.047857E-03
5.077641E-03	8.118762E+00	2.587435E-01	1.050273E-03
5.247498E-03	7.925161E+00	2.358445E-01	1.048398E-03
5.423036E-03	7.512314E+00	2.182902E-01	1.053534E-03
5.604447E-03	7.117297E+00	2.060362E-01	1.058099E-03
5.791926E-03	6.965692E+00	1.937675E-01	1.057172E-03
5.985677E-03	6.434853E+00	1.863589E-01	1.050438E-03
6.185909E-03	5.987433E+00	1.711883E-01	1.052279E-03
6.392839E-03	5.893397E+00	1.582574E-01	1.057069E-03
6.606691E-03	5.609465E+00	1.515450E-01	1.057479E-03
6.827698E-03	5.748424E+00	1.481872E-01	1.054968E-03
7.056097E-03	5.535086E+00	1.404047E-01	1.054065E-03
7.292136E-03	4.967474E+00	1.302745E-01	1.057903E-03
7.536072E-03	4.903025E+00	1.245351E-01	1.060191E-03
7.788168E-03	4.910789E+00	1.203025E-01	1.058942E-03
8.048696E-03	4.604075E+00	1.157563E-01	1.059353E-03
8.317940E-03	4.472258E+00	1.115618E-01	1.058310E-03
8.596191E-03	4.303230E+00	1.056385E-01	1.059480E-03
8.883750E-03	4.181415E+00	1.015892E-01	1.060250E-03
9.180927E-03	4.181125E+00	9.834222E-02	1.059960E-03
9.488047E-03	4.005048E+00	9.458535E-02	1.057465E-03
9.805440E-03	3.951385E+00	9.031402E-02	1.060582E-03
1.013345E-02	3.798186E+00	8.743777E-02	1.060557E-03
1.047243E-02	3.604222E+00	8.432014E-02	1.058673E-03
1.082275E-02	3.545197E+00	8.069735E-02	1.059937E-03
1.118480E-02	3.411239E+00	7.816312E-02	1.059627E-03
1.155895E-02	3.323689E+00	7.565039E-02	1.059041E-03
1.194562E-02	3.230102E+00	7.227173E-02	1.060365E-03
1.234522E-02	3.019388E+00	6.955665E-02	1.059981E-03
1.275819E-02	2.937136E+00	6.736355E-02	1.059443E-03
1.318498E-02	2.822896E+00	6.443619E-02	1.060474E-03
1.362604E-02	2.910661E+00	6.287522E-02	1.059513E-03
1.408185E-02	2.710331E+00	6.034569E-02	1.060507E-03
1.455292E-02	2.579717E+00	5.784283E-02	1.060714E-03
1.503974E-02	2.507746E+00	5.604618E-02	1.061770E-03
1.554285E-02	2.364246E+00	5.384850E-02	1.063534E-03
1.606279E-02	2.305784E+00	5.216924E-02	1.064706E-03
1.660012E-02	2.183416E+00	5.056707E-02	1.066165E-03
1.715542E-02	2.170309E+00	4.947572E-02	1.066500E-03
1.772930E-02	2.093608E+00	4.823487E-02	1.067243E-03
1.832238E-02	2.001492E+00	4.800264E-02	1.065014E-03
1.893530E-02	1.891102E+00	4.688520E-02	1.063074E-03
1.956872E-02	1.840605E+00	4.584182E-02	1.061366E-03
2.022333E-02	1.763663E+00	4.441121E-02	1.060272E-03
2.089984E-02	1.685093E+00	4.298733E-02	1.059400E-03
2.159898E-02	1.635933E+00	4.125030E-02	1.059155E-03
2.232150E-02	1.535660E+00	3.946986E-02	1.058880E-03
2.306820E-02	1.506196E+00	3.792625E-02	1.060424E-03
2.383987E-02	1.481065E+00	3.634470E-02	1.061339E-03
2.463736E-02	1.367206E+00	3.486537E-02	1.061546E-03
2.546153E-02	1.339141E+00	3.352796E-02	1.061872E-03
2.631326E-02	1.273828E+00	3.246931E-02	1.061688E-03
2.719349E-02	1.240852E+00	3.130395E-02	1.061972E-03
2.810316E-02	1.178734E+00	3.026908E-02	1.061583E-03
2.904326E-02	1.136506E+00	2.923701E-02	1.061495E-03
3.001482E-02	1.087150E+00	2.798036E-02	1.062673E-03
3.101887E-02	1.089334E+00	2.701953E-02	1.063149E-03
3.205651E-02	1.011530E+00	2.607646E-02	1.063678E-03
3.312886E-02	9.932894E-01	2.511306E-02	1.064161E-03
3.423708E-02	9.348559E-01	2.425897E-02	1.064589E-03
3.538237E-02	9.180709E-01	2.357205E-02	1.065021E-03
3.656598E-02	8.792329E-01	2.282824E-02	1.065557E-03
3.778918E-02	8.677226E-01	2.205752E-02	1.066766E-03
3.905330E-02	8.283140E-01	2.136394E-02	1.070062E-03
4.035970E-02	7.932129E-01	2.071100E-02	1.074837E-03
4.170981E-02	7.782100E-01	2.024770E-02	1.080092E-03
4.310508E-02	7.274474E-01	1.992356E-02	1.086193E-03
4.454703E-02	6.967058E-01	1.981186E-02	1.092943E-03
4.603721E-02	6.845175E-01	1.989418E-02	1.100379E-03
4.757724E-02	6.659414E-01	2.021327E-02	1.106785E-03
4.916879E-02	6.384854E-01	2.092670E-02	1.112323E-03
5.081357E-02	6.197540E-01	2.185789E-02	1.118147E-03
5.251338E-02	5.839515E-01	2.289564E-02	1.125329E-03
5.427005E-02	5.707664E-01	2.417786E-02	1.133856E-03
5.608549E-02	5.576065E-01	2.571215E-02	1.144002E-03
5.796165E-02	5.088303E-01	2.740571E-02	1.156925E-03
5.990058E-02	5.105325E-01	2.955782E-02	1.171039E-03
6.190436E-02	4.527220E-01	3.272095E-02	1.185504E-03
6.397518E-02	4.158819E-01	3.762731E-02	1.199627E-03
6.611527E-02	3.878746E-01	4.559823E-02	1.213747E-03
6.832695E-02	3.429837E-01	5.995778E-02	1.226954E-03
7.061261E-02	3.133872E-01	8.699758E-02	1.240459E-03
7.297474E-02	2.519213E-01	1.609299E-01	1.252666E-03
7.541588E-02	6.682192E-01	4.592303E-01	1.263894E-03
