# I(Q)
#Q (1/A)        I (1/cm)        dI (1/cm)       dQ (1/A)
2.902202E-03	1.315971E+01	7.490859E+00	9.444667E-04
2.999286E-03	1.786717E+01	5.361697E+00	9.723254E-04
3.099618E-03	1.487020E+01	3.519659E+00	9.681913E-04
3.203306E-03	1.769816E+01	3.289701E+00	9.946307E-04
3.310463E-03	1.396591E+01	2.405239E+00	1.001247E-03
3.421204E-03	1.670533E+01	2.066486E+00	1.004694E-03
3.535649E-03	1.085155E+01	1.054219E+00	9.793165E-04
3.653924E-03	1.471610E+01	8.846407E-01	9.908619E-04
3.776154E-03	1.375486E+01	7.232470E-01	1.003437E-03
3.902474E-03	1.153086E+01	5.924166E-01	1.014596E-03
4.033019E-03	1.180881E+01	5.316723E-01	1.026526E-03
4.167931E-03	1.226315E+01	4.775289E-01	1.029862E-03
4.307356E-03	1.050971E+01	3.936632E-01	1.036297E-03
4.451445E-03	1.041601E+01	3.547262E-01	1.043249E-03
4.600354E-03	9.656431E+00	3.157332E-01	1.045431E-03
4.754244E-03	8.835478E+00	2.972790E-01	1.047850E-03
4.913283E-03	9.466172E+00	2.853870E-01	1.047857E-03
5.077641E-03	8.137837E+00	2.586642E-01	1.050273E-03
5.247498E-03	7.944070E+00	2.357732E-01	1.048398E-03
5.423036E-03	7.530324E+00	2.182239E-01	1.053534E-03
5.604447E-03	7.134692E+00	2.059699E-01	1.058099E-03
5.791926E-03	6.983970E+00	1.937017E-01	1.057172E-03
5.985677E-03	6.453807E+00	1.862952E-01	1.050438E-03
6.185909E-03	6.005994E+00	1.711246E-01	1.052279E-03
6.392839E-03	5.911052E+00	1.581991E-01	1.057069E-03
6.606691E-03	5.627327E+00	1.514855E-01	1.057479E-03
6.827698E-03	5.765816E+00	1.481290E-01	1.054968E-03
7.056097E-03	5.552989E+00	1.403478E-01	1.054065E-03
7.292136E-03	4.985156E+00	1.302180E-01	1.057903E-03
7.536072E-03	4.921186E+00	1.244791E-01	1.060191E-03
7.788168E-03	4.928021E+00	1.202513E-01	1.058942E-03
8.048696E-03	4.620678E+00	1.157087E-01	1.059353E-03
8.317940E-03	4.488588E+00	1.115171E-01	1.058310E-03
8.596191E-03	4.319409E+00	1.055945E-01	1.059480E-03
8.883750E-03	4.197499E+00	1.015460E-01	1.060250E-03
9.180927E-03	4.197706E+00	9.829914E-02	1.059960E-03
9.488047E-03	4.021162E+00	9.454488E-02	1.057465E-03
9.805440E-03	3.966952E+00	9.027621E-02	1.060582E-03
1.013345E-02	3.813926E+00	8.740100E-02	1.060557E-03
1.047243E-02	3.619724E+00	8.428419E-02	1.058673E-03
1.082275E-02	3.561091E+00	8.066209E-02	1.059937E-03
1.118480E-02	3.427573E+00	7.812815E-02	1.059627E-03
1.155895E-02	3.340871E+00	7.561529E-02	1.059041E-03
1.194562E-02	3.247179E+00	7.223845E-02	1.060365E-03
1.234522E-02	3.036600E+00	6.952414E-02	1.059981E-03
1.275819E-02	2.955322E+00	6.732967E-02	1.059443E-03
1.318498E-02	2.841064E+00	6.440280E-02	1.060474E-03
1.362604E-02	2.928920E+00	6.284331E-02	1.059513E-03
1.408185E-02	2.728730E+00	6.031463E-02	1.060507E-03
1.455292E-02	2.598371E+00	5.781270E-02	1.060714E-03
1.503974E-02	2.526571E+00	5.601725E-02	1.061770E-03
1.554285E-02	2.382803E+00	5.382068E-02	1.063534E-03
1.606279E-02	2.324216E+00	5.214213E-02	1.064706E-03
1.660012E-02	2.201341E+00	5.054077E-02	1.066165E-03
1.715542E-02	2.187632E+00	4.945044E-02	1.066500E-03
1.772930E-02	2.111082E+00	4.820991E-02	1.067243E-03
1.832238E-02	2.019434E+00	4.797719E-02	1.065014E-03
1.893530E-02	1.909273E+00	4.685970E-02	1.063074E-03
1.956872E-02	1.859248E+00	4.581630E-02	1.061366E-03
2.022333E-02	1.782267E+00	4.438631E-02	1.060272E-03
2.089984E-02	1.703904E+00	4.296340E-02	1.059400E-03
2.159898E-02	1.654733E+00	4.122736E-02	1.059155E-03
2.232150E-02	1.554195E+00	3.944831E-02	1.058880E-03
2.306820E-02	1.524575E+00	3.790550E-02	1.060424E-03
2.383987E-02	1.499256E+00	3.632484E-02	1.061339E-03
2.463736E-02	1.385042E+00	3.484652E-02	1.061546E-03
2.546153E-02	1.356882E+00	3.350979E-02	1.061872E-03
2.631326E-02	1.291493E+00	3.245166E-02	1.061688E-03
2.719349E-02	1.258460E+00	3.128685E-02	1.061972E-03
2.810316E-02	1.196116E+00	3.025248E-02	1.061583E-03
2.904326E-02	1.153890E+00	2.922101E-02	1.061495E-03
3.001482E-02	1.104425E+00	2.796496E-02	1.062673E-03
3.101887E-02	1.106688E+00	2.700457E-02	1.063149E-03
3.205651E-02	1.028971E+00	2.606189E-02	1.063678E-03
3.312886E-02	1.010410E+00	2.509928E-02	1.064161E-03
3.423708E-02	9.519023E-01	2.424574E-02	1.064589E-03
3.538237E-02	9.351502E-01	2.355917E-02	1.065021E-03
3.656598E-02	8.962492E-01	2.281582E-02	1.065557E-03
3.778918E-02	8.847030E-01	2.204551E-02	1.066766E-03
3.905330E-02	8.452510E-01	2.135203E-02	1.070062E-03
4.035970E-02	8.098546E-01	2.069947E-02	1.074837E-03
4.170981E-02	7.947037E-01	2.023641E-02	1.080092E-03
4.310508E-02	7.435795E-01	1.991249E-02	1.086193E-03
4.454703E-02	7.124923E-01	1.980085E-02	1.092943E-03
4.603721E-02	6.999794E-01	1.988306E-02	1.100379E-03
4.757724E-02	6.810194E-01	2.020196E-02	1.106785E-03
4.916879E-02	6.532145E-01	2.091506E-02	1.112323E-03
5.081357E-02	6.341605E-01	2.184569E-02	1.118147E-03
5.251338E-02	5.978404E-01	2.288298E-02	1.125329E-03
5.427005E-02	5.840042E-01	2.416476E-02	1.133856E-03
5.608549E-02	5.701607E-01	2.569827E-02	1.144002E-03
5.796165E-02	5.206499E-01	2.739091E-02	1.156925E-03
5.990058E-02	5.214346E-01	2.954208E-02	1.171039E-03
6.190436E-02	4.629489E-01	3.270359E-02	1.185504E-03
6.397518E-02	4.253917E-01	3.760759E-02	1.199627E-03
6.611527E-02	3.968122E-01	4.557445E-02	1.213747E-03
6.832695E-02	3.513198E-01	5.992740E-02	1.226954E-03
7.061261E-02	3.212588E-01	8.695376E-02	1.240459E-03
7.297474E-02	2.600083E-01	1.608411E-01	1.252666E-03
7.541588E-02	6.748067E-01	4.589867E-01	1.263894E-03
