# I(Q)
#Q (1/A)        I (1/cm)        dI (1/cm)       dQ (1/A)
3.096949E-03	3.434937E+00	4.984039E+00	9.444717E-04
3.198285E-03	6.154153E+00	4.210523E+00	9.675432E-04
3.302937E-03	2.565717E+00	2.004881E+00	9.701181E-04
3.411014E-03	6.106574E+00	1.988587E+00	9.830971E-04
3.522627E-03	4.783029E+00	9.898115E-01	9.663900E-04
3.637892E-03	6.530771E+00	8.304559E-01	9.850330E-04
3.756929E-03	6.093485E+00	6.030171E-01	9.906003E-04
3.879861E-03	6.551294E+00	5.482673E-01	1.015609E-03
4.006815E-03	6.487334E+00	4.690191E-01	1.018804E-03
4.137924E-03	6.653103E+00	4.163360E-01	1.028073E-03
4.273322E-03	5.834222E+00	3.540939E-01	1.032415E-03
4.413151E-03	6.174800E+00	3.083999E-01	1.027773E-03
4.557556E-03	6.114127E+00	2.778706E-01	1.039112E-03
4.706685E-03	4.792460E+00	2.478890E-01	1.032515E-03
4.860694E-03	5.376978E+00	2.347539E-01	1.046741E-03
5.019743E-03	5.238189E+00	2.214092E-01	1.045557E-03
5.183996E-03	5.116353E+00	2.042472E-01	1.047373E-03
5.353623E-03	4.989383E+00	1.907773E-01	1.049393E-03
5.528801E-03	5.018252E+00	1.783686E-01	1.054928E-03
5.709711E-03	4.657022E+00	1.694224E-01	1.056275E-03
5.896541E-03	4.635630E+00	1.583557E-01	1.052710E-03
6.089483E-03	4.526968E+00	1.512868E-01	1.050251E-03
6.288740E-03	4.325176E+00	1.425197E-01	1.054387E-03
6.494516E-03	4.396500E+00	1.362883E-01	1.060909E-03
6.707025E-03	3.892687E+00	1.271685E-01	1.060057E-03
6.926488E-03	4.021417E+00	1.251371E-01	1.053493E-03
7.153132E-03	3.536085E+00	1.176190E-01	1.057787E-03
7.387193E-03	3.676481E+00	1.137794E-01	1.061168E-03
7.628912E-03	3.396017E+00	1.087426E-01	1.061257E-03
7.878540E-03	3.591726E+00	1.060636E-01	1.058710E-03
8.136337E-03	3.458679E+00	1.033296E-01	1.059828E-03
8.402569E-03	3.231060E+00	9.850584E-02	1.059530E-03
8.677512E-03	3.081743E+00	9.468502E-02	1.058674E-03
8.961453E-03	2.974927E+00	9.090025E-02	1.061013E-03
9.254684E-03	2.962259E+00	8.819450E-02	1.058117E-03
9.557509E-03	2.848919E+00	8.385745E-02	1.059251E-03
9.870244E-03	2.790018E+00	8.112336E-02	1.061568E-03
1.019321E-02	2.809689E+00	8.062121E-02	1.057817E-03
1.052675E-02	2.597752E+00	7.596078E-02	1.059723E-03
1.087120E-02	2.600136E+00	7.303882E-02	1.061851E-03
1.122692E-02	2.542093E+00	7.166157E-02	1.058295E-03
1.159428E-02	2.331965E+00	6.916234E-02	1.059497E-03
1.197366E-02	2.266743E+00	6.618211E-02	1.060449E-03
1.236545E-02	2.221070E+00	6.406153E-02	1.060116E-03
1.277007E-02	2.212192E+00	6.244522E-02	1.059505E-03
1.318792E-02	2.135526E+00	5.985189E-02	1.060420E-03
1.361945E-02	2.063104E+00	5.804309E-02	1.059723E-03
1.406510E-02	1.980239E+00	5.606010E-02	1.060545E-03
1.452533E-02	1.905318E+00	5.412288E-02	1.060038E-03
1.500061E-02	1.816140E+00	5.230592E-02	1.059736E-03
1.549145E-02	1.811202E+00	5.016204E-02	1.060855E-03
1.599836E-02	1.677231E+00	4.863016E-02	1.060018E-03
1.652184E-02	1.675006E+00	4.644085E-02	1.060931E-03
1.706246E-02	1.662470E+00	4.513630E-02	1.060227E-03
1.762077E-02	1.593319E+00	4.354947E-02	1.061842E-03
1.819734E-02	1.534814E+00	4.195939E-02	1.061317E-03
1.879279E-02	1.477344E+00	4.057668E-02	1.062834E-03
1.940771E-02	1.462129E+00	3.955323E-02	1.064476E-03
2.004276E-02	1.400163E+00	3.833655E-02	1.066390E-03
2.069858E-02	1.370275E+00	3.758844E-02	1.067375E-03
2.137587E-02	1.324582E+00	3.700802E-02	1.066884E-03
2.207532E-02	1.293305E+00	3.642871E-02	1.065552E-03
2.279765E-02	1.213997E+00	3.547668E-02	1.064152E-03
2.354362E-02	1.169849E+00	3.464898E-02	1.062123E-03
2.431400E-02	1.152782E+00	3.358343E-02	1.061313E-03
2.510959E-02	1.115078E+00	3.241095E-02	1.060371E-03
2.593121E-02	1.085674E+00	3.134743E-02	1.059839E-03
2.677972E-02	1.072313E+00	3.034315E-02	1.060283E-03
2.765598E-02	1.021979E+00	2.901985E-02	1.060936E-03
2.856093E-02	9.815150E-01	2.800734E-02	1.061698E-03
2.949548E-02	9.457029E-01	2.701635E-02	1.061634E-03
3.046061E-02	9.484096E-01	2.608539E-02	1.062039E-03
3.145732E-02	8.864320E-01	2.513316E-02	1.062997E-03
3.248665E-02	8.821573E-01	2.421779E-02	1.063891E-03
3.354966E-02	8.208048E-01	2.336605E-02	1.063960E-03
3.464745E-02	8.011974E-01	2.267025E-02	1.063894E-03
3.578116E-02	7.878379E-01	2.188501E-02	1.065024E-03
3.695197E-02	7.540298E-01	2.117646E-02	1.065649E-03
3.816109E-02	7.476324E-01	2.048879E-02	1.068066E-03
3.940977E-02	7.043814E-01	1.987209E-02	1.072655E-03
4.069931E-02	6.943040E-01	1.935589E-02	1.078549E-03
4.203105E-02	6.419335E-01	1.901747E-02	1.084347E-03
4.340636E-02	6.345202E-01	1.886789E-02	1.090542E-03
4.482668E-02	5.979388E-01	1.891386E-02	1.097550E-03
4.629347E-02	5.688583E-01	1.908271E-02	1.103956E-03
4.780826E-02	5.521287E-01	1.962022E-02	1.109339E-03
4.937261E-02	5.420561E-01	2.051072E-02	1.113790E-03
5.098815E-02	5.035120E-01	2.150360E-02	1.119136E-03
5.265655E-02	4.791990E-01	2.251323E-02	1.126957E-03
5.437954E-02	4.650792E-01	2.361388E-02	1.137015E-03
5.615892E-02	4.231469E-01	2.520018E-02	1.147287E-03
5.799651E-02	4.071694E-01	2.684885E-02	1.160230E-03
5.989424E-02	3.874520E-01	2.918948E-02	1.173973E-03
6.185406E-02	3.339363E-01	3.254177E-02	1.187917E-03
6.387801E-02	3.267887E-01	3.802030E-02	1.201319E-03
6.596818E-02	2.939580E-01	4.642583E-02	1.213762E-03
6.812675E-02	2.129451E-01	6.166236E-02	1.226266E-03
7.035595E-02	2.314329E-01	8.882663E-02	1.238023E-03
7.265810E-02	1.513275E-01	1.475535E-01	1.252405E-03
7.503557E-02	5.674449E-01	4.517218E-01	1.264283E-03
