# I(Q)
#Q (1/A)        I (1/cm)        dI (1/cm)       dQ (1/A)
3.096856E-03	6.217860E+00	8.939988E+00	9.444578E-04
3.198190E-03	7.330076E+00	6.567338E+00	9.675432E-04
3.302840E-03	3.389928E+00	3.601986E+00	9.701126E-04
3.410915E-03	7.204407E+00	3.431046E+00	9.830902E-04
3.522525E-03	4.850027E+00	1.678360E+00	9.663840E-04
3.637788E-03	6.919711E+00	1.339447E+00	9.850312E-04
3.756823E-03	5.878451E+00	9.589125E-01	9.905973E-04
3.879752E-03	6.905613E+00	8.715646E-01	1.015608E-03
4.006705E-03	6.346770E+00	7.402899E-01	1.018801E-03
4.137811E-03	6.265255E+00	6.372383E-01	1.028071E-03
4.273207E-03	5.772639E+00	5.564637E-01	1.032412E-03
4.413033E-03	6.545173E+00	4.910551E-01	1.027771E-03
4.557435E-03	6.153792E+00	4.368459E-01	1.039111E-03
4.706562E-03	4.837416E+00	4.062091E-01	1.032514E-03
4.860569E-03	5.591664E+00	3.757057E-01	1.046735E-03
5.019615E-03	5.268495E+00	3.557392E-01	1.045562E-03
5.183865E-03	5.173527E+00	3.280391E-01	1.047371E-03
5.353490E-03	4.877434E+00	3.079729E-01	1.049361E-03
5.528665E-03	4.906842E+00	2.856164E-01	1.055008E-03
5.709572E-03	4.639644E+00	2.732601E-01	1.056217E-03
5.896399E-03	4.693348E+00	2.583063E-01	1.052719E-03
6.089339E-03	4.618528E+00	2.485735E-01	1.050244E-03
6.288592E-03	4.337633E+00	2.332995E-01	1.054232E-03
6.494366E-03	4.260343E+00	2.205228E-01	1.061040E-03
6.706872E-03	4.007195E+00	2.097212E-01	1.060029E-03
6.926333E-03	3.993515E+00	2.069307E-01	1.053529E-03
7.152974E-03	3.618295E+00	1.971375E-01	1.057891E-03
7.387031E-03	3.753418E+00	1.903262E-01	1.061026E-03
7.628747E-03	3.341796E+00	1.828247E-01	1.061197E-03
7.878373E-03	3.734428E+00	1.785202E-01	1.058826E-03
8.136166E-03	3.318524E+00	1.728495E-01	1.059784E-03
8.402395E-03	3.145414E+00	1.660565E-01	1.059554E-03
8.677336E-03	3.036322E+00	1.601634E-01	1.058664E-03
8.961273E-03	2.966348E+00	1.539534E-01	1.061012E-03
9.254501E-03	2.977912E+00	1.497399E-01	1.058064E-03
9.557324E-03	2.952648E+00	1.434784E-01	1.059296E-03
9.870055E-03	2.760005E+00	1.390111E-01	1.061586E-03
1.019302E-02	2.828786E+00	1.373523E-01	1.057778E-03
1.052655E-02	2.571236E+00	1.303230E-01	1.059703E-03
1.087100E-02	2.629219E+00	1.254680E-01	1.061902E-03
1.122672E-02	2.507194E+00	1.228785E-01	1.058194E-03
1.159407E-02	2.225639E+00	1.194559E-01	1.059575E-03
1.197345E-02	2.280131E+00	1.142582E-01	1.060415E-03
1.236524E-02	2.253728E+00	1.112382E-01	1.060120E-03
1.276985E-02	2.197123E+00	1.082419E-01	1.059501E-03
1.318771E-02	2.141436E+00	1.040137E-01	1.060462E-03
1.361923E-02	2.092618E+00	1.012584E-01	1.059702E-03
1.406487E-02	1.964305E+00	9.773864E-02	1.060540E-03
1.452510E-02	1.928485E+00	9.457435E-02	1.060033E-03
1.500039E-02	1.815659E+00	9.159336E-02	1.059756E-03
1.549122E-02	1.805278E+00	8.783741E-02	1.060835E-03
1.599812E-02	1.662755E+00	8.554370E-02	1.060011E-03
1.652161E-02	1.693223E+00	8.160930E-02	1.060926E-03
1.706222E-02	1.694268E+00	7.947600E-02	1.060213E-03
1.762053E-02	1.565759E+00	7.667755E-02	1.061875E-03
1.819710E-02	1.521898E+00	7.391997E-02	1.061309E-03
1.879254E-02	1.482183E+00	7.153771E-02	1.062861E-03
1.940746E-02	1.418144E+00	6.971732E-02	1.064423E-03
2.004251E-02	1.408484E+00	6.777110E-02	1.066407E-03
2.069833E-02	1.368787E+00	6.641607E-02	1.067375E-03
2.137562E-02	1.308690E+00	6.551015E-02	1.066852E-03
2.207506E-02	1.275920E+00	6.447399E-02	1.065601E-03
2.279740E-02	1.219946E+00	6.299123E-02	1.064126E-03
2.354337E-02	1.156471E+00	6.147971E-02	1.062130E-03
2.431374E-02	1.169523E+00	5.972362E-02	1.061337E-03
2.510933E-02	1.111297E+00	5.764277E-02	1.060348E-03
2.593095E-02	1.047987E+00	5.574231E-02	1.059834E-03
2.677946E-02	1.054898E+00	5.398193E-02	1.060273E-03
2.765572E-02	1.014283E+00	5.167697E-02	1.060950E-03
2.856067E-02	9.853869E-01	4.991460E-02	1.061700E-03
2.949522E-02	9.493277E-01	4.822043E-02	1.061633E-03
3.046035E-02	9.466272E-01	4.653251E-02	1.062011E-03
3.145707E-02	8.892050E-01	4.487124E-02	1.063035E-03
3.248639E-02	8.802717E-01	4.324671E-02	1.063894E-03
3.354940E-02	8.216848E-01	4.177440E-02	1.063950E-03
3.464720E-02	8.099695E-01	4.053684E-02	1.063900E-03
3.578091E-02	8.054866E-01	3.913790E-02	1.065022E-03
3.695172E-02	7.529818E-01	3.787583E-02	1.065656E-03
3.816085E-02	7.453136E-01	3.665640E-02	1.068050E-03
3.940953E-02	7.102039E-01	3.556422E-02	1.072665E-03
4.069908E-02	6.887792E-01	3.462912E-02	1.078554E-03
4.203082E-02	6.301679E-01	3.404977E-02	1.084352E-03
4.340614E-02	6.300225E-01	3.377075E-02	1.090538E-03
4.482646E-02	5.914212E-01	3.386298E-02	1.097559E-03
4.629326E-02	5.841038E-01	3.418717E-02	1.103958E-03
4.780805E-02	5.511170E-01	3.514759E-02	1.109333E-03
4.937241E-02	5.405787E-01	3.674417E-02	1.113791E-03
5.098796E-02	5.035096E-01	3.854012E-02	1.119133E-03
5.265637E-02	4.918329E-01	4.035710E-02	1.126963E-03
5.437938E-02	4.581787E-01	4.229907E-02	1.137019E-03
5.615876E-02	4.235698E-01	4.517705E-02	1.147281E-03
5.799637E-02	3.927592E-01	4.814415E-02	1.160221E-03
5.989411E-02	3.781925E-01	5.231881E-02	1.173983E-03
6.185395E-02	3.277311E-01	5.835335E-02	1.187917E-03
6.387791E-02	3.357639E-01	6.818760E-02	1.201319E-03
6.596810E-02	2.843926E-01	8.320905E-02	1.213762E-03
6.812669E-02	2.352523E-01	1.107413E-01	1.226266E-03
7.035591E-02	2.682356E-01	1.593812E-01	1.238023E-03
7.265808E-02	1.638976E-01	2.651465E-01	1.252405E-03
7.503557E-02	1.024142E+00	8.128196E-01	1.264283E-03
