# I(Q)
#Q (1/A)        I (1/cm)        dI (1/cm)       dQ (1/A)
1.211559E-02	8.589829E+00	1.754256E+00	2.419675E-03
1.257167E-02	7.474075E+00	8.261380E-01	2.454641E-03
1.304491E-02	7.499094E+00	6.654291E-01	2.520980E-03
1.353597E-02	9.458743E+00	5.682399E-01	2.548136E-03
1.404552E-02	7.757831E+00	2.723431E-01	2.491923E-03
1.457425E-02	7.988729E+00	2.042786E-01	2.527176E-03
1.512288E-02	7.836506E+00	1.515535E-01	2.536183E-03
1.569216E-02	7.614682E+00	1.208217E-01	2.579668E-03
1.628288E-02	7.483398E+00	1.047104E-01	2.625255E-03
1.689583E-02	7.203712E+00	9.098268E-02	2.671857E-03
1.753185E-02	6.780562E+00	7.969266E-02	2.703199E-03
1.819182E-02	6.668964E+00	7.188356E-02	2.715980E-03
1.887663E-02	6.427925E+00	6.304711E-02	2.739958E-03
1.958722E-02	6.219446E+00	5.690475E-02	2.791030E-03
2.032456E-02	6.031330E+00	5.228344E-02	2.826403E-03
2.108965E-02	5.884601E+00	4.739750E-02	2.853942E-03
2.188355E-02	5.576238E+00	4.177221E-02	2.870676E-03
2.270733E-02	5.363183E+00	3.957444E-02	2.897355E-03
2.356213E-02	5.169317E+00	3.543380E-02	2.940609E-03
2.444909E-02	4.991714E+00	3.250584E-02	2.956758E-03
2.536945E-02	4.806901E+00	3.054350E-02	2.973801E-03
2.632446E-02	4.675804E+00	2.801345E-02	3.008767E-03
2.731541E-02	4.387194E+00	2.542480E-02	3.048088E-03
2.834367E-02	4.272312E+00	2.448892E-02	3.048616E-03
2.941064E-02	4.087419E+00	2.232043E-02	3.091957E-03
3.051777E-02	3.939328E+00	2.104911E-02	3.111906E-03
3.166657E-02	3.795968E+00	1.986946E-02	3.100718E-03
3.285863E-02	3.667118E+00	1.829530E-02	3.131438E-03
3.409555E-02	3.564246E+00	1.746685E-02	3.123290E-03
3.537904E-02	3.406082E+00	1.669412E-02	3.122270E-03
3.671085E-02	3.266390E+00	1.535697E-02	3.144401E-03
3.809279E-02	3.148599E+00	1.446572E-02	3.161936E-03
3.952675E-02	3.022671E+00	1.370513E-02	3.179214E-03
4.101469E-02	2.905878E+00	1.302262E-02	3.155569E-03
4.255864E-02	2.771858E+00	1.212228E-02	3.175317E-03
4.416071E-02	2.678280E+00	1.150293E-02	3.186102E-03
4.582309E-02	2.551529E+00	1.079427E-02	3.184325E-03
4.754805E-02	2.439822E+00	1.021288E-02	3.175854E-03
4.933794E-02	2.341818E+00	9.601835E-03	3.189637E-03
5.119521E-02	2.224515E+00	9.036406E-03	3.188857E-03
5.312240E-02	2.154542E+00	8.590628E-03	3.195287E-03
5.512213E-02	2.040594E+00	8.025879E-03	3.202053E-03
5.719714E-02	1.941435E+00	7.561469E-03	3.200843E-03
5.935027E-02	1.850257E+00	7.104826E-03	3.212522E-03
6.158444E-02	1.761922E+00	6.677274E-03	3.209964E-03
6.390272E-02	1.672437E+00	6.281780E-03	3.212123E-03
6.630826E-02	1.590736E+00	5.830872E-03	3.224735E-03
6.880436E-02	1.507136E+00	5.533850E-03	3.220559E-03
7.139443E-02	1.418895E+00	5.160516E-03	3.236063E-03
7.408199E-02	1.335600E+00	4.817933E-03	3.251548E-03
7.687072E-02	1.256847E+00	4.527946E-03	3.266708E-03
7.976444E-02	1.187978E+00	4.259687E-03	3.282033E-03
8.276708E-02	1.118347E+00	4.006019E-03	3.294169E-03
8.588275E-02	1.050223E+00	3.772376E-03	3.305039E-03
8.911571E-02	9.943198E-01	3.548940E-03	3.315764E-03
9.247037E-02	9.298086E-01	3.330786E-03	3.320506E-03
9.595132E-02	8.776500E-01	3.131629E-03	3.330763E-03
9.956330E-02	8.307521E-01	2.944895E-03	3.335909E-03
1.033112E-01	7.766645E-01	2.757311E-03	3.340699E-03
1.072003E-01	7.340747E-01	2.583277E-03	3.346485E-03
1.112357E-01	6.978453E-01	2.440034E-03	3.354464E-03
1.154231E-01	6.671598E-01	2.308866E-03	3.365943E-03
1.197680E-01	6.355011E-01	2.179126E-03	3.373182E-03
1.242766E-01	6.101834E-01	2.054368E-03	3.387308E-03
1.289548E-01	5.881871E-01	1.946558E-03	3.400672E-03
1.338092E-01	5.721309E-01	1.865439E-03	3.408230E-03
1.388463E-01	5.576969E-01	1.770652E-03	3.431832E-03
1.440730E-01	5.449428E-01	1.693769E-03	3.453173E-03
1.494965E-01	5.349017E-01	1.625800E-03	3.487839E-03
1.551241E-01	5.308333E-01	1.570096E-03	3.538597E-03
1.609635E-01	5.260113E-01	1.518816E-03	3.600151E-03
1.670228E-01	5.258930E-01	1.486568E-03	3.673670E-03
1.733102E-01	5.208562E-01	1.443144E-03	3.759271E-03
1.798343E-01	5.232506E-01	1.433259E-03	3.851661E-03
1.866040E-01	5.211169E-01	1.392722E-03	3.965445E-03
1.936285E-01	5.187680E-01	1.385480E-03	4.082499E-03
2.009174E-01	5.182380E-01	1.371340E-03	4.218828E-03
2.084807E-01	5.115295E-01	1.353501E-03	4.366904E-03
2.163287E-01	5.054213E-01	1.339105E-03	4.532019E-03
2.244722E-01	5.006199E-01	1.333154E-03	4.706796E-03
2.329222E-01	4.915467E-01	1.324811E-03	4.888096E-03
2.416903E-01	4.808965E-01	1.317161E-03	5.078950E-03
2.507884E-01	4.704951E-01	1.318883E-03	5.273594E-03
2.602291E-01	4.554307E-01	1.320300E-03	5.472889E-03
2.700251E-01	4.453005E-01	1.334118E-03	5.683964E-03
2.801899E-01	4.349569E-01	1.364205E-03	5.893395E-03
2.907373E-01	4.218126E-01	1.398126E-03	6.109124E-03
3.016818E-01	4.152395E-01	1.469797E-03	6.318441E-03
3.130383E-01	4.028821E-01	1.554903E-03	6.530039E-03
3.248223E-01	3.999632E-01	1.686875E-03	6.740557E-03
3.370498E-01	3.893465E-01	1.839270E-03	6.969094E-03
3.497377E-01	3.851786E-01	2.044465E-03	7.204485E-03
3.629032E-01	3.792396E-01	2.329933E-03	7.446190E-03
3.765643E-01	3.726934E-01	2.690816E-03	7.702651E-03
3.907396E-01	3.615293E-01	3.194902E-03	7.971573E-03
4.054486E-01	3.523816E-01	3.983662E-03	8.244534E-03
4.207112E-01	3.387683E-01	5.298500E-03	8.528532E-03
4.365484E-01	3.334262E-01	7.785232E-03	8.808147E-03
4.529818E-01	3.536533E-01	1.386966E-02	9.106107E-03
4.700338E-01	3.527023E-01	3.716215E-02	9.345355E-03
