# I(Q)
#Q (1/A)        I (1/cm)        dI (1/cm)       dQ (1/A)
1.211559E-02	3.575606E+00	2.528864E+00	2.419675E-03
1.257167E-02	6.436498E+00	1.721515E+00	2.454641E-03
1.304491E-02	7.860170E+00	1.518099E+00	2.520980E-03
1.353597E-02	8.684045E+00	1.212201E+00	2.548136E-03
1.404552E-02	8.514548E+00	6.394539E-01	2.491924E-03
1.457425E-02	8.569976E+00	4.711832E-01	2.527176E-03
1.512288E-02	7.944277E+00	3.424579E-01	2.536183E-03
1.569216E-02	7.825880E+00	2.734269E-01	2.579668E-03
1.628288E-02	7.046312E+00	2.288180E-01	2.625255E-03
1.689583E-02	6.999340E+00	1.992853E-01	2.671857E-03
1.753185E-02	6.534094E+00	1.756482E-01	2.703199E-03
1.819182E-02	6.705242E+00	1.618784E-01	2.715980E-03
1.887663E-02	6.271697E+00	1.384318E-01	2.739958E-03
1.958722E-02	6.073901E+00	1.257681E-01	2.791030E-03
2.032456E-02	5.981682E+00	1.163048E-01	2.826403E-03
2.108966E-02	5.973541E+00	1.066505E-01	2.853942E-03
2.188355E-02	5.574861E+00	9.397923E-02	2.870677E-03
2.270733E-02	5.270250E+00	8.812797E-02	2.897355E-03
2.356213E-02	5.195373E+00	7.982903E-02	2.940609E-03
2.444910E-02	5.065177E+00	7.358120E-02	2.956758E-03
2.536945E-02	4.820875E+00	6.847896E-02	2.973801E-03
2.632446E-02	4.714628E+00	6.314253E-02	3.008767E-03
2.731541E-02	4.352608E+00	5.679340E-02	3.048088E-03
2.834367E-02	4.307158E+00	5.547053E-02	3.048616E-03
2.941064E-02	4.166879E+00	5.068056E-02	3.091957E-03
3.051777E-02	3.963252E+00	4.770181E-02	3.111906E-03
3.166658E-02	3.834592E+00	4.522629E-02	3.100718E-03
3.285863E-02	3.760292E+00	4.205044E-02	3.131438E-03
3.409555E-02	3.606147E+00	3.974266E-02	3.123290E-03
3.537904E-02	3.384024E+00	3.781744E-02	3.122270E-03
3.671085E-02	3.277483E+00	3.489386E-02	3.144401E-03
3.809279E-02	3.117128E+00	3.273706E-02	3.161936E-03
3.952675E-02	2.997288E+00	3.107056E-02	3.179214E-03
4.101469E-02	2.881582E+00	2.968205E-02	3.155569E-03
4.255864E-02	2.770744E+00	2.788720E-02	3.175317E-03
4.416071E-02	2.643107E+00	2.632913E-02	3.186102E-03
4.582309E-02	2.591454E+00	2.512244E-02	3.184325E-03
4.754805E-02	2.464896E+00	2.390320E-02	3.175854E-03
4.933794E-02	2.334078E+00	2.230002E-02	3.189637E-03
5.119521E-02	2.228411E+00	2.126390E-02	3.188858E-03
5.312240E-02	2.164942E+00	2.028074E-02	3.195287E-03
5.512213E-02	2.071806E+00	1.918413E-02	3.202053E-03
5.719715E-02	1.912541E+00	1.795783E-02	3.200843E-03
5.935027E-02	1.828913E+00	1.703688E-02	3.212523E-03
6.158444E-02	1.775991E+00	1.620618E-02	3.209964E-03
6.390272E-02	1.670245E+00	1.536075E-02	3.212123E-03
6.630827E-02	1.591997E+00	1.433136E-02	3.224735E-03
6.880437E-02	1.509417E+00	1.376784E-02	3.220559E-03
7.139443E-02	1.408515E+00	1.294354E-02	3.236063E-03
7.408199E-02	1.333497E+00	1.226398E-02	3.251548E-03
7.687073E-02	1.243721E+00	1.164567E-02	3.266708E-03
7.976444E-02	1.184980E+00	1.114806E-02	3.282033E-03
8.276708E-02	1.126272E+00	1.070234E-02	3.294169E-03
8.588275E-02	1.055531E+00	1.025460E-02	3.305039E-03
8.911571E-02	9.918472E-01	9.802772E-03	3.315764E-03
9.247038E-02	9.287478E-01	9.351407E-03	3.320506E-03
9.595132E-02	8.714362E-01	8.980220E-03	3.330763E-03
9.956330E-02	8.361373E-01	8.615958E-03	3.335909E-03
1.033112E-01	7.781050E-01	8.267399E-03	3.340699E-03
1.072003E-01	7.303939E-01	7.894366E-03	3.346485E-03
1.112357E-01	6.855973E-01	7.577234E-03	3.354464E-03
1.154231E-01	6.701682E-01	7.303509E-03	3.365943E-03
1.197680E-01	6.341404E-01	7.007156E-03	3.373182E-03
1.242766E-01	6.155651E-01	6.727375E-03	3.387308E-03
1.289548E-01	5.898936E-01	6.447119E-03	3.400672E-03
1.338092E-01	5.691764E-01	6.234290E-03	3.408230E-03
1.388463E-01	5.589045E-01	5.983209E-03	3.431832E-03
1.440730E-01	5.422276E-01	5.760067E-03	3.453173E-03
1.494965E-01	5.279916E-01	5.531056E-03	3.487839E-03
1.551241E-01	5.357102E-01	5.330378E-03	3.538597E-03
1.609636E-01	5.260287E-01	5.118687E-03	3.600151E-03
1.670228E-01	5.236463E-01	4.958440E-03	3.673670E-03
1.733102E-01	5.231837E-01	4.780220E-03	3.759271E-03
1.798343E-01	5.194199E-01	4.671984E-03	3.851661E-03
1.866040E-01	5.201522E-01	4.474775E-03	3.965445E-03
1.936285E-01	5.148849E-01	4.389996E-03	4.082499E-03
2.009174E-01	5.161739E-01	4.242567E-03	4.218828E-03
2.084807E-01	5.127019E-01	4.112065E-03	4.366904E-03
2.163287E-01	5.061973E-01	3.967516E-03	4.532019E-03
2.244722E-01	5.029201E-01	3.848372E-03	4.706796E-03
2.329222E-01	4.899272E-01	3.743561E-03	4.888096E-03
2.416903E-01	4.829172E-01	3.661276E-03	5.078950E-03
2.507884E-01	4.680586E-01	3.603446E-03	5.273594E-03
2.602291E-01	4.564030E-01	3.588312E-03	5.472889E-03
2.700251E-01	4.460457E-01	3.592581E-03	5.683964E-03
2.801899E-01	4.342372E-01	3.629521E-03	5.893395E-03
2.907373E-01	4.191917E-01	3.707312E-03	6.109124E-03
3.016818E-01	4.194223E-01	3.877130E-03	6.318441E-03
3.130383E-01	4.027061E-01	4.065630E-03	6.530039E-03
3.248223E-01	3.986935E-01	4.380517E-03	6.740557E-03
3.370498E-01	3.824949E-01	4.765598E-03	6.969094E-03
3.497377E-01	3.852678E-01	5.285723E-03	7.204485E-03
3.629032E-01	3.766331E-01	5.985562E-03	7.446190E-03
3.765643E-01	3.705368E-01	6.897401E-03	7.702652E-03
3.907396E-01	3.527107E-01	8.192561E-03	7.971573E-03
4.054486E-01	3.519926E-01	1.025386E-02	8.244535E-03
4.207112E-01	3.522391E-01	1.395064E-02	8.528533E-03
4.365484E-01	3.219755E-01	2.007017E-02	8.808147E-03
4.529818E-01	3.309926E-01	3.494223E-02	9.106108E-03
4.700338E-01	3.874970E-01	9.879449E-02	9.345355E-03
