# I(Q)
#Q (1/A)        I (1/cm)        dI (1/cm)       dQ (1/A)
1.211559E-02	1.349239E+01	3.484803E+00	2.419675E-03
1.257167E-02	9.118213E+00	1.442695E+00	2.454641E-03
1.304491E-02	9.699107E+00	1.207145E+00	2.520980E-03
1.353597E-02	1.053725E+01	9.535910E-01	2.548136E-03
1.404552E-02	9.785543E+00	4.864717E-01	2.491923E-03
1.457425E-02	1.012856E+01	3.632472E-01	2.527176E-03
1.512288E-02	9.542241E+00	2.661610E-01	2.536183E-03
1.569216E-02	9.173737E+00	2.101276E-01	2.579668E-03
1.628288E-02	8.981200E+00	1.813852E-01	2.625255E-03
1.689583E-02	8.887356E+00	1.599417E-01	2.671857E-03
1.753185E-02	8.137355E+00	1.374187E-01	2.703199E-03
1.819182E-02	8.112135E+00	1.250961E-01	2.715980E-03
1.887663E-02	7.416003E+00	1.065945E-01	2.739958E-03
1.958722E-02	7.528397E+00	9.946989E-02	2.791029E-03
2.032456E-02	7.028641E+00	8.904579E-02	2.826403E-03
2.108965E-02	6.817654E+00	8.088589E-02	2.853941E-03
2.188355E-02	6.550183E+00	7.159447E-02	2.870676E-03
2.270733E-02	6.249189E+00	6.794783E-02	2.897355E-03
2.356212E-02	5.888120E+00	5.974003E-02	2.940609E-03
2.444909E-02	5.656612E+00	5.466615E-02	2.956758E-03
2.536945E-02	5.456807E+00	5.152368E-02	2.973801E-03
2.632446E-02	5.344003E+00	4.750050E-02	3.008767E-03
2.731541E-02	4.948084E+00	4.275653E-02	3.048088E-03
2.834367E-02	4.794434E+00	4.133971E-02	3.048616E-03
2.941064E-02	4.589038E+00	3.755366E-02	3.091957E-03
3.051777E-02	4.387861E+00	3.514607E-02	3.111906E-03
3.166657E-02	4.274008E+00	3.343711E-02	3.100718E-03
3.285863E-02	4.071837E+00	3.064800E-02	3.131438E-03
3.409555E-02	3.838356E+00	2.863377E-02	3.123290E-03
3.537904E-02	3.728047E+00	2.764630E-02	3.122270E-03
3.671085E-02	3.563594E+00	2.542018E-02	3.144401E-03
3.809278E-02	3.386049E+00	2.374722E-02	3.161936E-03
3.952675E-02	3.283156E+00	2.254796E-02	3.179214E-03
4.101469E-02	3.169741E+00	2.161652E-02	3.155569E-03
4.255864E-02	3.001104E+00	2.010162E-02	3.175317E-03
4.416071E-02	2.835309E+00	1.873685E-02	3.186102E-03
4.582309E-02	2.713134E+00	1.770840E-02	3.184325E-03
4.754805E-02	2.582963E+00	1.666408E-02	3.175854E-03
4.933794E-02	2.489035E+00	1.577414E-02	3.189637E-03
5.119521E-02	2.349929E+00	1.483623E-02	3.188857E-03
5.312240E-02	2.238855E+00	1.389766E-02	3.195287E-03
5.512213E-02	2.099908E+00	1.297962E-02	3.202053E-03
5.719714E-02	2.029822E+00	1.237524E-02	3.200843E-03
5.935027E-02	1.948062E+00	1.169220E-02	3.212522E-03
6.158444E-02	1.842118E+00	1.092337E-02	3.209964E-03
6.390272E-02	1.727280E+00	1.026892E-02	3.212123E-03
6.630826E-02	1.644829E+00	9.565874E-03	3.224735E-03
6.880436E-02	1.552396E+00	9.068463E-03	3.220559E-03
7.139443E-02	1.457592E+00	8.473763E-03	3.236063E-03
7.408199E-02	1.387914E+00	7.987462E-03	3.251548E-03
7.687072E-02	1.307115E+00	7.551326E-03	3.266708E-03
7.976443E-02	1.234727E+00	7.125279E-03	3.282033E-03
8.276708E-02	1.171813E+00	6.765300E-03	3.294169E-03
8.588275E-02	1.092790E+00	6.387677E-03	3.305039E-03
8.911571E-02	1.030900E+00	6.067205E-03	3.315764E-03
9.247037E-02	9.632947E-01	5.712799E-03	3.320506E-03
9.595132E-02	9.079958E-01	5.413513E-03	3.330763E-03
9.956330E-02	8.539499E-01	5.133497E-03	3.335909E-03
1.033112E-01	8.079683E-01	4.882308E-03	3.340699E-03
1.072003E-01	7.596080E-01	4.606048E-03	3.346485E-03
1.112357E-01	7.326959E-01	4.416173E-03	3.354464E-03
1.154231E-01	6.916956E-01	4.196610E-03	3.365943E-03
1.197680E-01	6.627221E-01	4.001430E-03	3.373182E-03
1.242766E-01	6.319582E-01	3.814730E-03	3.387308E-03
1.289548E-01	6.068134E-01	3.628074E-03	3.400672E-03
1.338092E-01	5.829979E-01	3.484520E-03	3.408230E-03
1.388463E-01	5.679390E-01	3.327584E-03	3.431832E-03
1.440730E-01	5.468044E-01	3.186350E-03	3.453173E-03
1.494964E-01	5.354508E-01	3.061237E-03	3.487839E-03
1.551241E-01	5.293521E-01	2.946495E-03	3.538597E-03
1.609635E-01	5.282861E-01	2.844846E-03	3.600151E-03
1.670228E-01	5.272431E-01	2.763487E-03	3.673670E-03
1.733102E-01	5.225206E-01	2.673861E-03	3.759271E-03
1.798343E-01	5.223296E-01	2.625759E-03	3.851661E-03
1.866040E-01	5.170511E-01	2.523503E-03	3.965444E-03
1.936285E-01	5.189413E-01	2.499710E-03	4.082499E-03
2.009174E-01	5.156291E-01	2.434670E-03	4.218827E-03
2.084807E-01	5.104783E-01	2.377532E-03	4.366904E-03
2.163287E-01	5.058780E-01	2.320585E-03	4.532019E-03
2.244722E-01	4.983741E-01	2.275934E-03	4.706796E-03
2.329222E-01	4.923825E-01	2.242978E-03	4.888096E-03
2.416903E-01	4.826102E-01	2.212945E-03	5.078950E-03
2.507884E-01	4.674968E-01	2.190127E-03	5.273594E-03
2.602291E-01	4.551836E-01	2.191914E-03	5.472889E-03
2.700251E-01	4.416574E-01	2.202744E-03	5.683964E-03
2.801899E-01	4.364274E-01	2.250354E-03	5.893394E-03
2.907373E-01	4.204590E-01	2.291390E-03	6.109124E-03
3.016818E-01	4.123013E-01	2.400402E-03	6.318441E-03
3.130383E-01	4.004352E-01	2.538584E-03	6.530039E-03
3.248223E-01	3.890645E-01	2.718561E-03	6.740557E-03
3.370498E-01	3.892552E-01	3.002188E-03	6.969094E-03
3.497377E-01	3.784293E-01	3.298146E-03	7.204484E-03
3.629032E-01	3.768005E-01	3.775184E-03	7.446189E-03
3.765643E-01	3.694907E-01	4.361403E-03	7.702651E-03
3.907396E-01	3.610973E-01	5.203801E-03	7.971572E-03
4.054485E-01	3.573497E-01	6.523555E-03	8.244534E-03
4.207112E-01	3.310063E-01	8.521946E-03	8.528532E-03
4.365484E-01	3.243329E-01	1.263862E-02	8.808147E-03
4.529818E-01	3.242066E-01	2.136985E-02	9.106107E-03
4.700338E-01	4.568633E-01	6.926817E-02	9.345355E-03
